# Time-averaged data for fix orient_output
# TimeStep Number-of-rows
# Row c_orient_CO2
43900 6
1 6.31089e-31
2 0
3 1.00974e-29
4 0
5 -1.26218e-30
6 0
44000 6
1 6.31089e-31
2 0
3 2.01948e-29
4 0
5 0
6 0
44100 6
1 9.46633e-31
2 0
3 2.01948e-29
4 0
5 0
6 0
44200 6
1 9.46633e-31
2 0
3 1.00974e-29
4 0
5 1.26218e-30
6 0
44300 6
1 9.46633e-31
2 0
3 5.04871e-30
4 0
5 0
6 0
44400 6
1 9.46633e-31
2 0
3 5.04871e-30
4 0
5 0
6 0
44500 6
1 6.31089e-31
2 0
3 1.51461e-29
4 0
5 1.26218e-30
6 0
44600 6
1 6.31089e-31
2 0
3 5.04871e-30
4 0
5 0
6 0
44700 6
1 9.46633e-31
2 0
3 5.04871e-30
4 0
5 0
6 0
44800 6
1 6.31089e-31
2 0
3 3.02923e-29
4 0
5 -2.52435e-30
6 0
44900 6
1 9.46633e-31
2 0
3 0
4 0
5 0
6 0
45000 6
1 6.31089e-31
2 0
3 0
4 0
5 0
6 0
45100 6
1 6.31089e-31
2 0
3 2.01948e-29
4 0
5 2.52435e-30
6 0
45200 6
1 9.46633e-31
2 0
3 1.00974e-29
4 0
5 -1.26218e-30
6 0
45300 6
1 9.46633e-31
2 0
3 5.04871e-30
4 0
5 -1.26218e-30
6 0
45400 6
1 6.31089e-31
2 0
3 1.00974e-29
4 0
5 0
6 0
45500 6
1 9.46633e-31
2 0
3 1.51461e-29
4 0
5 0
6 0
45600 6
1 9.46633e-31
2 0
3 1.00974e-29
4 0
5 0
6 0
45700 6
1 6.31089e-31
2 0
3 1.51461e-29
4 0
5 0
6 0
45800 6
1 9.46633e-31
2 0
3 1.51461e-29
4 0
5 1.26218e-30
6 0
45900 6
1 9.46633e-31
2 0
3 1.00974e-29
4 0
5 1.26218e-30
6 0
46000 6
1 6.31089e-31
2 0
3 1.00974e-29
4 0
5 1.26218e-30
6 0
46100 6
1 1.26218e-30
2 0
3 0
4 0
5 0
6 0
46200 6
1 9.46633e-31
2 0
3 0
4 0
5 0
6 0
46300 6
1 9.46633e-31
2 0
3 0
4 0
5 0
6 0
46400 6
1 6.31089e-31
2 0
3 0
4 0
5 0
6 0
46500 6
1 9.46633e-31
2 0
3 0
4 0
5 0
6 0
46600 6
1 9.46633e-31
2 0
3 0
4 0
5 0
6 0
46700 6
1 9.46633e-31
2 0
3 0
4 0
5 0
6 0
46800 6
1 6.31089e-31
2 0
3 0
4 0
5 0
6 0
46900 6
1 9.46633e-31
2 0
3 0
4 0
5 0
6 0
47000 6
1 6.31089e-31
2 0
3 0
4 0
5 0
6 0
47100 6
1 9.46633e-31
2 0
3 0
4 0
5 0
6 0
47200 6
1 9.46633e-31
2 0
3 0
4 0
5 0
6 0
47300 6
1 9.46633e-31
2 0
3 0
4 0
5 0
6 0
47400 6
1 6.31089e-31
2 0
3 0
4 0
5 0
6 0
47500 6
1 6.31089e-31
2 0
3 0
4 0
5 0
6 0
47600 6
1 6.31089e-31
2 0
3 0
4 0
5 0
6 0
47700 6
1 9.46633e-31
2 0
3 0
4 0
5 0
6 0
47800 6
1 6.31089e-31
2 0
3 0
4 0
5 0
6 0
47900 6
1 6.31089e-31
2 0
3 0
4 0
5 0
6 0
48000 6
1 9.46633e-31
2 0
3 0
4 0
5 0
6 0
48100 6
1 1.26218e-30
2 0
3 0
4 0
5 0
6 0
48200 6
1 6.31089e-31
2 0
3 0
4 0
5 0
6 0
48300 6
1 9.46633e-31
2 0
3 0
4 0
5 0
6 0
48400 6
1 9.46633e-31
2 0
3 0
4 0
5 0
6 0
48500 6
1 9.46633e-31
2 0
3 0
4 0
5 0
6 0
48600 6
1 9.46633e-31
2 0
3 0
4 0
5 0
6 0
48700 6
1 9.46633e-31
2 0
3 0
4 0
5 0
6 0
48800 6
1 1.26218e-30
2 0
3 0
4 0
5 0
6 0
48900 6
1 9.46633e-31
2 0
3 0
4 0
5 0
6 0
49000 6
1 6.31089e-31
2 0
3 0
4 0
5 0
6 0
49100 6
1 1.26218e-30
2 0
3 0
4 0
5 0
6 0
49200 6
1 6.31089e-31
2 0
3 0
4 0
5 0
6 0
49300 6
1 9.46633e-31
2 0
3 0
4 0
5 0
6 0
49400 6
1 9.46633e-31
2 0
3 0
4 0
5 0
6 0
49500 6
1 6.31089e-31
2 0
3 0
4 0
5 0
6 0
49600 6
1 6.31089e-31
2 0
3 0
4 0
5 0
6 0
49700 6
1 6.31089e-31
2 0
3 0
4 0
5 0
6 0
49800 6
1 6.31089e-31
2 0
3 0
4 0
5 0
6 0
49900 6
1 6.31089e-31
2 0
3 0
4 0
5 0
6 0
50000 6
1 6.31089e-31
2 0
3 0
4 0
5 0
6 0
50100 6
1 1.26218e-30
2 0
3 0
4 0
5 0
6 0
50200 6
1 6.31089e-31
2 0
3 0
4 0
5 0
6 0
50300 6
1 6.31089e-31
2 0
3 0
4 0
5 0
6 0
50400 6
1 6.31089e-31
2 0
3 0
4 0
5 0
6 0
50500 6
1 1.26218e-30
2 0
3 0
4 0
5 0
6 0
50600 6
1 9.46633e-31
2 0
3 0
4 0
5 0
6 0
50700 6
1 9.46633e-31
2 0
3 0
4 0
5 0
6 0
50800 6
1 6.31089e-31
2 0
3 0
4 0
5 0
6 0
50900 6
1 9.46633e-31
2 0
3 0
4 0
5 0
6 0
51000 6
1 6.31089e-31
2 0
3 0
4 0
5 0
6 0
51100 6
1 6.31089e-31
2 0
3 0
4 0
5 0
6 0
51200 6
1 6.31089e-31
2 0
3 0
4 0
5 0
6 0
51300 6
1 6.31089e-31
2 0
3 0
4 0
5 0
6 0
51400 6
1 6.31089e-31
2 0
3 0
4 0
5 0
6 0
51500 6
1 6.31089e-31
2 0
3 0
4 0
5 0
6 0
51600 6
1 9.46633e-31
2 0
3 0
4 0
5 0
6 0
51700 6
1 9.46633e-31
2 0
3 0
4 0
5 0
6 0
51800 6
1 6.31089e-31
2 0
3 0
4 0
5 0
6 0
51900 6
1 6.31089e-31
2 0
3 0
4 0
5 0
6 0
52000 6
1 6.31089e-31
2 0
3 0
4 0
5 0
6 0
52100 6
1 6.31089e-31
2 0
3 0
4 0
5 0
6 0
52200 6
1 6.31089e-31
2 0
3 0
4 0
5 0
6 0
52300 6
1 6.31089e-31
2 0
3 0
4 0
5 0
6 0
52400 6
1 6.31089e-31
2 0
3 0
4 0
5 0
6 0
52500 6
1 3.15544e-31
2 0
3 0
4 0
5 0
6 0
52600 6
1 6.31089e-31
2 0
3 0
4 0
5 0
6 0
52700 6
1 9.46633e-31
2 0
3 0
4 0
5 0
6 0
52800 6
1 6.31089e-31
2 0
3 0
4 0
5 0
6 0
52900 6
1 9.46633e-31
2 0
3 0
4 0
5 0
6 0
53000 6
1 9.46633e-31
2 0
3 0
4 0
5 0
6 0
53100 6
1 6.31089e-31
2 0
3 0
4 0
5 0
6 0
53200 6
1 9.46633e-31
2 0
3 0
4 0
5 0
6 0
53300 6
1 9.46633e-31
2 0
3 0
4 0
5 0
6 0
53400 6
1 6.31089e-31
2 0
3 0
4 0
5 0
6 0
53500 6
1 6.31089e-31
2 0
3 0
4 0
5 0
6 0
53600 6
1 6.31089e-31
2 0
3 0
4 0
5 0
6 0
53700 6
1 6.31089e-31
2 0
3 0
4 0
5 0
6 0
53800 6
1 6.31089e-31
2 0
3 0
4 0
5 0
6 0
53900 6
1 9.46633e-31
2 0
3 0
4 0
5 0
6 0
54000 6
1 9.46633e-31
2 0
3 0
4 0
5 0
6 0
54100 6
1 6.31089e-31
2 0
3 0
4 0
5 0
6 0
54200 6
1 6.31089e-31
2 0
3 0
4 0
5 0
6 0
54300 6
1 3.15544e-31
2 0
3 0
4 0
5 0
6 0
54400 6
1 6.31089e-31
2 0
3 0
4 0
5 0
6 0
54500 6
1 6.31089e-31
2 0
3 0
4 0
5 0
6 0
54600 6
1 6.31089e-31
2 0
3 0
4 0
5 0
6 0
54700 6
1 9.46633e-31
2 0
3 0
4 0
5 0
6 0
54800 6
1 9.46633e-31
2 0
3 0
4 0
5 0
6 0
54900 6
1 6.31089e-31
2 0
3 0
4 0
5 0
6 0
55000 6
1 6.31089e-31
2 0
3 0
4 0
5 0
6 0
55100 6
1 6.31089e-31
2 0
3 0
4 0
5 0
6 0
55200 6
1 9.46633e-31
2 0
3 0
4 0
5 0
6 0
55300 6
1 9.46633e-31
2 0
3 0
4 0
5 0
6 0
55400 6
1 6.31089e-31
2 0
3 0
4 0
5 0
6 0
55500 6
1 6.31089e-31
2 0
3 0
4 0
5 0
6 0
55600 6
1 9.46633e-31
2 0
3 0
4 0
5 0
6 0
55700 6
1 9.46633e-31
2 0
3 0
4 0
5 0
6 0
55800 6
1 6.31089e-31
2 0
3 0
4 0
5 0
6 0
55900 6
1 6.31089e-31
2 0
3 0
4 0
5 0
6 0
56000 6
1 9.46633e-31
2 0
3 0
4 0
5 0
6 0
56100 6
1 9.46633e-31
2 0
3 0
4 0
5 0
6 0
56200 6
1 6.31089e-31
2 0
3 0
4 0
5 0
6 0
56300 6
1 6.31089e-31
2 0
3 0
4 0
5 0
6 0
56400 6
1 6.31089e-31
2 0
3 0
4 0
5 0
6 0
56500 6
1 9.46633e-31
2 0
3 0
4 0
5 0
6 0
56600 6
1 1.26218e-30
2 0
3 0
4 0
5 0
6 0
56700 6
1 6.31089e-31
2 0
3 0
4 0
5 0
6 0
56800 6
1 9.46633e-31
2 0
3 0
4 0
5 0
6 0
56900 6
1 6.31089e-31
2 0
3 0
4 0
5 0
6 0
57000 6
1 6.31089e-31
2 0
3 0
4 0
5 0
6 0
57100 6
1 9.46633e-31
2 0
3 0
4 0
5 0
6 0
57200 6
1 9.46633e-31
2 0
3 0
4 0
5 0
6 0
57300 6
1 9.46633e-31
2 0
3 0
4 0
5 0
6 0
57400 6
1 6.31089e-31
2 0
3 0
4 0
5 0
6 0
57500 6
1 9.46633e-31
2 0
3 0
4 0
5 0
6 0
57600 6
1 6.31089e-31
2 0
3 0
4 0
5 0
6 0
57700 6
1 6.31089e-31
2 0
3 0
4 0
5 0
6 0
57800 6
1 9.46633e-31
2 0
3 0
4 0
5 0
6 0
57900 6
1 9.46633e-31
2 0
3 0
4 0
5 0
6 0
58000 6
1 6.31089e-31
2 0
3 0
4 0
5 0
6 0
58100 6
1 6.31089e-31
2 0
3 0
4 0
5 0
6 0
58200 6
1 1.26218e-30
2 0
3 0
4 0
5 0
6 0
58300 6
1 9.46633e-31
2 0
3 0
4 0
5 0
6 0
58400 6
1 9.46633e-31
2 0
3 0
4 0
5 0
6 0
58500 6
1 6.31089e-31
2 0
3 0
4 0
5 0
6 0
58600 6
1 9.46633e-31
2 0
3 0
4 0
5 0
6 0
58700 6
1 9.46633e-31
2 0
3 0
4 0
5 0
6 0
58800 6
1 9.46633e-31
2 0
3 0
4 0
5 0
6 0
58900 6
1 6.31089e-31
2 0
3 0
4 0
5 0
6 0
59000 6
1 6.31089e-31
2 0
3 0
4 0
5 0
6 0
59100 6
1 6.31089e-31
2 0
3 0
4 0
5 0
6 0
59200 6
1 9.46633e-31
2 0
3 0
4 0
5 0
6 0
59300 6
1 9.46633e-31
2 0
3 0
4 0
5 0
6 0
59400 6
1 9.46633e-31
2 0
3 0
4 0
5 0
6 0
59500 6
1 6.31089e-31
2 0
3 0
4 0
5 0
6 0
59600 6
1 6.31089e-31
2 0
3 0
4 0
5 0
6 0
59700 6
1 9.46633e-31
2 0
3 0
4 0
5 0
6 0
59800 6
1 9.46633e-31
2 0
3 0
4 0
5 0
6 0
59900 6
1 9.46633e-31
2 0
3 0
4 0
5 0
6 0
60000 6
1 1.26218e-30
2 0
3 0
4 0
5 0
6 0
60100 6
1 9.46633e-31
2 0
3 0
4 0
5 0
6 0
60200 6
1 9.46633e-31
2 0
3 0
4 0
5 0
6 0
60300 6
1 6.31089e-31
2 0
3 0
4 0
5 0
6 0
60400 6
1 6.31089e-31
2 0
3 0
4 0
5 0
6 0
60500 6
1 9.46633e-31
2 0
3 0
4 0
5 0
6 0
60600 6
1 9.46633e-31
2 0
3 0
4 0
5 0
6 0
60700 6
1 9.46633e-31
2 0
3 0
4 0
5 0
6 0
60800 6
1 9.46633e-31
2 0
3 0
4 0
5 0
6 0
60900 6
1 6.31089e-31
2 0
3 0
4 0
5 0
6 0
61000 6
1 6.31089e-31
2 0
3 0
4 0
5 0
6 0
61100 6
1 6.31089e-31
2 0
3 0
4 0
5 0
6 0
61200 6
1 6.31089e-31
2 0
3 0
4 0
5 0
6 0
61300 6
1 9.46633e-31
2 0
3 0
4 0
5 0
6 0
61400 6
1 6.31089e-31
2 0
3 0
4 0
5 0
6 0
61500 6
1 6.31089e-31
2 0
3 0
4 0
5 0
6 0
61600 6
1 6.31089e-31
2 0
3 0
4 0
5 0
6 0
61700 6
1 9.46633e-31
2 0
3 0
4 0
5 0
6 0
61800 6
1 9.46633e-31
2 0
3 0
4 0
5 0
6 0
61900 6
1 9.46633e-31
2 0
3 0
4 0
5 0
6 0
62000 6
1 9.46633e-31
2 0
3 0
4 0
5 0
6 0
62100 6
1 9.46633e-31
2 0
3 0
4 0
5 0
6 0
62200 6
1 9.46633e-31
2 0
3 0
4 0
5 0
6 0
62300 6
1 6.31089e-31
2 0
3 0
4 0
5 0
6 0
62400 6
1 6.31089e-31
2 0
3 0
4 0
5 0
6 0
62500 6
1 6.31089e-31
2 0
3 0
4 0
5 0
6 0
62600 6
1 6.31089e-31
2 0
3 0
4 0
5 0
6 0
62700 6
1 9.46633e-31
2 0
3 0
4 0
5 0
6 0
62800 6
1 6.31089e-31
2 0
3 0
4 0
5 0
6 0
62900 6
1 6.31089e-31
2 0
3 0
4 0
5 0
6 0
63000 6
1 6.31089e-31
2 0
3 0
4 0
5 0
6 0
63100 6
1 6.31089e-31
2 0
3 0
4 0
5 0
6 0
63200 6
1 6.31089e-31
2 0
3 0
4 0
5 0
6 0
63300 6
1 6.31089e-31
2 0
3 0
4 0
5 0
6 0
63400 6
1 9.46633e-31
2 0
3 0
4 0
5 0
6 0
63500 6
1 6.31089e-31
2 0
3 0
4 0
5 0
6 0
63600 6
1 6.31089e-31
2 0
3 0
4 0
5 0
6 0
63700 6
1 6.31089e-31
2 0
3 0
4 0
5 0
6 0
63800 6
1 6.31089e-31
2 0
3 0
4 0
5 0
6 0
63900 6
1 9.46633e-31
2 0
3 0
4 0
5 0
6 0
64000 6
1 9.46633e-31
2 0
3 0
4 0
5 0
6 0
64100 6
1 9.46633e-31
2 0
3 0
4 0
5 0
6 0
64200 6
1 6.31089e-31
2 0
3 0
4 0
5 0
6 0
64300 6
1 6.31089e-31
2 0
3 0
4 0
5 0
6 0
64400 6
1 9.46633e-31
2 0
3 0
4 0
5 0
6 0
64500 6
1 9.46633e-31
2 0
3 0
4 0
5 0
6 0
64600 6
1 9.46633e-31
2 0
3 0
4 0
5 0
6 0
64700 6
1 9.46633e-31
2 0
3 0
4 0
5 0
6 0
64800 6
1 9.46633e-31
2 0
3 0
4 0
5 0
6 0
64900 6
1 9.46633e-31
2 0
3 0
4 0
5 0
6 0
65000 6
1 1.26218e-30
2 0
3 0
4 0
5 0
6 0
65100 6
1 9.46633e-31
2 0
3 0
4 0
5 0
6 0
65200 6
1 6.31089e-31
2 0
3 0
4 0
5 0
6 0
65300 6
1 6.31089e-31
2 0
3 0
4 0
5 0
6 0
65400 6
1 9.46633e-31
2 0
3 0
4 0
5 0
6 0
65500 6
1 9.46633e-31
2 0
3 0
4 0
5 0
6 0
65600 6
1 1.26218e-30
2 0
3 0
4 0
5 0
6 0
65700 6
1 6.31089e-31
2 0
3 0
4 0
5 0
6 0
65800 6
1 9.46633e-31
2 0
3 0
4 0
5 0
6 0
65900 6
1 6.31089e-31
2 0
3 0
4 0
5 0
6 0
66000 6
1 6.31089e-31
2 0
3 0
4 0
5 0
6 0
66100 6
1 6.31089e-31
2 0
3 0
4 0
5 0
6 0
66200 6
1 6.31089e-31
2 0
3 0
4 0
5 0
6 0
66300 6
1 6.31089e-31
2 0
3 0
4 0
5 0
6 0
66400 6
1 9.46633e-31
2 0
3 0
4 0
5 0
6 0
66500 6
1 9.46633e-31
2 0
3 0
4 0
5 0
6 0
66600 6
1 6.31089e-31
2 0
3 0
4 0
5 0
6 0
66700 6
1 6.31089e-31
2 0
3 0
4 0
5 0
6 0
66800 6
1 6.31089e-31
2 0
3 0
4 0
5 0
6 0
66900 6
1 6.31089e-31
2 0
3 0
4 0
5 0
6 0
67000 6
1 6.31089e-31
2 0
3 0
4 0
5 0
6 0
67100 6
1 6.31089e-31
2 0
3 0
4 0
5 0
6 0
67200 6
1 9.46633e-31
2 0
3 0
4 0
5 0
6 0
67300 6
1 6.31089e-31
2 0
3 0
4 0
5 0
6 0
67400 6
1 6.31089e-31
2 0
3 0
4 0
5 0
6 0
67500 6
1 6.31089e-31
2 0
3 0
4 0
5 0
6 0
67600 6
1 9.46633e-31
2 0
3 0
4 0
5 0
6 0
67700 6
1 6.31089e-31
2 0
3 0
4 0
5 0
6 0
67800 6
1 9.46633e-31
2 0
3 0
4 0
5 0
6 0
67900 6
1 9.46633e-31
2 0
3 0
4 0
5 0
6 0
68000 6
1 9.46633e-31
2 0
3 0
4 0
5 0
6 0
68100 6
1 9.46633e-31
2 0
3 0
4 0
5 0
6 0
68200 6
1 9.46633e-31
2 0
3 0
4 0
5 0
6 0
68300 6
1 6.31089e-31
2 0
3 0
4 0
5 0
6 0
68400 6
1 9.46633e-31
2 0
3 0
4 0
5 0
6 0
68500 6
1 6.31089e-31
2 0
3 0
4 0
5 0
6 0
68600 6
1 9.46633e-31
2 0
3 0
4 0
5 0
6 0
68700 6
1 9.46633e-31
2 0
3 0
4 0
5 0
6 0
68800 6
1 9.46633e-31
2 0
3 0
4 0
5 0
6 0
68900 6
1 9.46633e-31
2 0
3 0
4 0
5 0
6 0
69000 6
1 1.26218e-30
2 0
3 0
4 0
5 0
6 0
69100 6
1 6.31089e-31
2 0
3 0
4 0
5 0
6 0
69200 6
1 9.46633e-31
2 0
3 0
4 0
5 0
6 0
69300 6
1 9.46633e-31
2 0
3 0
4 0
5 0
6 0
69400 6
1 9.46633e-31
2 0
3 0
4 0
5 0
6 0
69500 6
1 9.46633e-31
2 0
3 0
4 0
5 0
6 0
69600 6
1 6.31089e-31
2 0
3 0
4 0
5 0
6 0
69700 6
1 6.31089e-31
2 0
3 0
4 0
5 0
6 0
69800 6
1 9.46633e-31
2 0
3 0
4 0
5 0
6 0
69900 6
1 9.46633e-31
2 0
3 0
4 0
5 0
6 0
70000 6
1 6.31089e-31
2 0
3 0
4 0
5 0
6 0
70100 6
1 6.31089e-31
2 0
3 0
4 0
5 0
6 0
70200 6
1 6.31089e-31
2 0
3 0
4 0
5 0
6 0
70300 6
1 6.31089e-31
2 0
3 0
4 0
5 0
6 0
70400 6
1 9.46633e-31
2 0
3 0
4 0
5 0
6 0
70500 6
1 9.46633e-31
2 0
3 0
4 0
5 0
6 0
70600 6
1 6.31089e-31
2 0
3 0
4 0
5 0
6 0
70700 6
1 6.31089e-31
2 0
3 0
4 0
5 0
6 0
70800 6
1 9.46633e-31
2 0
3 0
4 0
5 0
6 0
70900 6
1 6.31089e-31
2 0
3 0
4 0
5 0
6 0
71000 6
1 3.15544e-31
2 0
3 0
4 0
5 0
6 0
71100 6
1 3.15544e-31
2 0
3 0
4 0
5 0
6 0
71200 6
1 9.46633e-31
2 0
3 0
4 0
5 0
6 0
71300 6
1 9.46633e-31
2 0
3 0
4 0
5 0
6 0
71400 6
1 9.46633e-31
2 0
3 0
4 0
5 0
6 0
71500 6
1 9.46633e-31
2 0
3 0
4 0
5 0
6 0
71600 6
1 6.31089e-31
2 0
3 0
4 0
5 0
6 0
71700 6
1 1.26218e-30
2 0
3 0
4 0
5 0
6 0
71800 6
1 9.46633e-31
2 0
3 0
4 0
5 0
6 0
71900 6
1 9.46633e-31
2 0
3 0
4 0
5 0
6 0
72000 6
1 6.31089e-31
2 0
3 0
4 0
5 0
6 0
72100 6
1 6.31089e-31
2 0
3 0
4 0
5 0
6 0
72200 6
1 6.31089e-31
2 0
3 0
4 0
5 0
6 0
72300 6
1 6.31089e-31
2 0
3 0
4 0
5 0
6 0
72400 6
1 6.31089e-31
2 0
3 0
4 0
5 0
6 0
72500 6
1 6.31089e-31
2 0
3 0
4 0
5 0
6 0
72600 6
1 9.46633e-31
2 0
3 0
4 0
5 0
6 0
72700 6
1 6.31089e-31
2 0
3 0
4 0
5 0
6 0
72800 6
1 9.46633e-31
2 0
3 0
4 0
5 0
6 0
72900 6
1 9.46633e-31
2 0
3 0
4 0
5 0
6 0
73000 6
1 1.26218e-30
2 0
3 0
4 0
5 0
6 0
73100 6
1 6.31089e-31
2 0
3 0
4 0
5 0
6 0
73200 6
1 9.46633e-31
2 0
3 0
4 0
5 0
6 0
73300 6
1 6.31089e-31
2 0
3 0
4 0
5 0
6 0
73400 6
1 9.46633e-31
2 0
3 0
4 0
5 0
6 0
73500 6
1 1.26218e-30
2 0
3 0
4 0
5 0
6 0
73600 6
1 9.46633e-31
2 0
3 0
4 0
5 0
6 0
73700 6
1 6.31089e-31
2 0
3 0
4 0
5 0
6 0
73800 6
1 9.46633e-31
2 0
3 0
4 0
5 0
6 0
73900 6
1 9.46633e-31
2 0
3 0
4 0
5 0
6 0
74000 6
1 9.46633e-31
2 0
3 0
4 0
5 0
6 0
74100 6
1 9.46633e-31
2 0
3 0
4 0
5 0
6 0
74200 6
1 9.46633e-31
2 0
3 0
4 0
5 0
6 0
74300 6
1 6.31089e-31
2 0
3 0
4 0
5 0
6 0
74400 6
1 6.31089e-31
2 0
3 0
4 0
5 0
6 0
74500 6
1 6.31089e-31
2 0
3 0
4 0
5 0
6 0
74600 6
1 9.46633e-31
2 0
3 0
4 0
5 0
6 0
74700 6
1 6.31089e-31
2 0
3 0
4 0
5 0
6 0
74800 6
1 6.31089e-31
2 0
3 0
4 0
5 0
6 0
74900 6
1 6.31089e-31
2 0
3 0
4 0
5 0
6 0
75000 6
1 6.31089e-31
2 0
3 0
4 0
5 0
6 0
75100 6
1 6.31089e-31
2 0
3 0
4 0
5 0
6 0
75200 6
1 6.31089e-31
2 0
3 0
4 0
5 0
6 0
75300 6
1 1.26218e-30
2 0
3 0
4 0
5 0
6 0
75400 6
1 6.31089e-31
2 0
3 0
4 0
5 0
6 0
75500 6
1 9.46633e-31
2 0
3 0
4 0
5 0
6 0
75600 6
1 6.31089e-31
2 0
3 0
4 0
5 0
6 0
75700 6
1 6.31089e-31
2 0
3 0
4 0
5 0
6 0
75800 6
1 6.31089e-31
2 0
3 0
4 0
5 0
6 0
75900 6
1 6.31089e-31
2 0
3 0
4 0
5 0
6 0
76000 6
1 6.31089e-31
2 0
3 0
4 0
5 0
6 0
76100 6
1 6.31089e-31
2 0
3 0
4 0
5 0
6 0
76200 6
1 6.31089e-31
2 0
3 0
4 0
5 0
6 0
76300 6
1 6.31089e-31
2 0
3 0
4 0
5 0
6 0
76400 6
1 6.31089e-31
2 0
3 0
4 0
5 0
6 0
76500 6
1 6.31089e-31
2 0
3 0
4 0
5 0
6 0
76600 6
1 6.31089e-31
2 0
3 0
4 0
5 0
6 0
76700 6
1 6.31089e-31
2 0
3 0
4 0
5 0
6 0
76800 6
1 9.46633e-31
2 0
3 0
4 0
5 0
6 0
76900 6
1 9.46633e-31
2 0
3 0
4 0
5 0
6 0
77000 6
1 9.46633e-31
2 0
3 0
4 0
5 0
6 0
77100 6
1 6.31089e-31
2 0
3 0
4 0
5 0
6 0
77200 6
1 9.46633e-31
2 0
3 0
4 0
5 0
6 0
77300 6
1 3.15544e-31
2 0
3 0
4 0
5 0
6 0
77400 6
1 6.31089e-31
2 0
3 0
4 0
5 0
6 0
77500 6
1 9.46633e-31
2 0
3 0
4 0
5 0
6 0
77600 6
1 6.31089e-31
2 0
3 0
4 0
5 0
6 0
77700 6
1 3.15544e-31
2 0
3 0
4 0
5 0
6 0
77800 6
1 6.31089e-31
2 0
3 0
4 0
5 0
6 0
77900 6
1 9.46633e-31
2 0
3 0
4 0
5 0
6 0
78000 6
1 6.31089e-31
2 0
3 0
4 0
5 0
6 0
78100 6
1 9.46633e-31
2 0
3 0
4 0
5 0
6 0
78200 6
1 9.46633e-31
2 0
3 0
4 0
5 0
6 0
78300 6
1 9.46633e-31
2 0
3 0
4 0
5 0
6 0
78400 6
1 6.31089e-31
2 0
3 0
4 0
5 0
6 0
78500 6
1 6.31089e-31
2 0
3 0
4 0
5 0
6 0
78600 6
1 6.31089e-31
2 0
3 0
4 0
5 0
6 0
78700 6
1 9.46633e-31
2 0
3 0
4 0
5 0
6 0
78800 6
1 6.31089e-31
2 0
3 0
4 0
5 0
6 0
78900 6
1 1.26218e-30
2 0
3 0
4 0
5 0
6 0
79000 6
1 6.31089e-31
2 0
3 0
4 0
5 0
6 0
79100 6
1 6.31089e-31
2 0
3 0
4 0
5 0
6 0
79200 6
1 9.46633e-31
2 0
3 0
4 0
5 0
6 0
79300 6
1 9.46633e-31
2 0
3 0
4 0
5 0
6 0
79400 6
1 6.31089e-31
2 0
3 0
4 0
5 0
6 0
79500 6
1 9.46633e-31
2 0
3 0
4 0
5 0
6 0
79600 6
1 9.46633e-31
2 0
3 0
4 0
5 0
6 0
79700 6
1 9.46633e-31
2 0
3 0
4 0
5 0
6 0
79800 6
1 6.31089e-31
2 0
3 0
4 0
5 0
6 0
79900 6
1 9.46633e-31
2 0
3 0
4 0
5 0
6 0
80000 6
1 9.46633e-31
2 0
3 0
4 0
5 0
6 0
80100 6
1 3.15544e-31
2 0
3 0
4 0
5 0
6 0
80200 6
1 9.46633e-31
2 0
3 0
4 0
5 0
6 0
80300 6
1 6.31089e-31
2 0
3 0
4 0
5 0
6 0
80400 6
1 9.46633e-31
2 0
3 0
4 0
5 0
6 0
80500 6
1 6.31089e-31
2 0
3 0
4 0
5 0
6 0
80600 6
1 6.31089e-31
2 0
3 0
4 0
5 0
6 0
80700 6
1 9.46633e-31
2 0
3 0
4 0
5 0
6 0
80800 6
1 6.31089e-31
2 0
3 0
4 0
5 0
6 0
80900 6
1 9.46633e-31
2 0
3 0
4 0
5 0
6 0
81000 6
1 6.31089e-31
2 0
3 0
4 0
5 0
6 0
81100 6
1 6.31089e-31
2 0
3 0
4 0
5 0
6 0
81200 6
1 6.31089e-31
2 0
3 0
4 0
5 0
6 0
81300 6
1 6.31089e-31
2 0
3 0
4 0
5 0
6 0
81400 6
1 9.46633e-31
2 0
3 0
4 0
5 0
6 0
81500 6
1 9.46633e-31
2 0
3 0
4 0
5 0
6 0
81600 6
1 9.46633e-31
2 0
3 0
4 0
5 0
6 0
81700 6
1 6.31089e-31
2 0
3 0
4 0
5 0
6 0
81800 6
1 6.31089e-31
2 0
3 0
4 0
5 0
6 0
81900 6
1 6.31089e-31
2 0
3 0
4 0
5 0
6 0
82000 6
1 9.46633e-31
2 0
3 0
4 0
5 0
6 0
82100 6
1 6.31089e-31
2 0
3 0
4 0
5 0
6 0
82200 6
1 9.46633e-31
2 0
3 0
4 0
5 0
6 0
82300 6
1 9.46633e-31
2 0
3 0
4 0
5 0
6 0
82400 6
1 9.46633e-31
2 0
3 0
4 0
5 0
6 0
82500 6
1 1.26218e-30
2 0
3 0
4 0
5 0
6 0
82600 6
1 9.46633e-31
2 0
3 0
4 0
5 0
6 0
82700 6
1 6.31089e-31
2 0
3 0
4 0
5 0
6 0
82800 6
1 9.46633e-31
2 0
3 0
4 0
5 0
6 0
82900 6
1 9.46633e-31
2 0
3 0
4 0
5 0
6 0
83000 6
1 6.31089e-31
2 0
3 0
4 0
5 0
6 0
83100 6
1 9.46633e-31
2 0
3 0
4 0
5 0
6 0
83200 6
1 6.31089e-31
2 0
3 0
4 0
5 0
6 0
83300 6
1 9.46633e-31
2 0
3 0
4 0
5 0
6 0
83400 6
1 9.46633e-31
2 0
3 0
4 0
5 0
6 0
83500 6
1 6.31089e-31
2 0
3 0
4 0
5 0
6 0
83600 6
1 6.31089e-31
2 0
3 0
4 0
5 0
6 0
83700 6
1 6.31089e-31
2 0
3 0
4 0
5 0
6 0
83800 6
1 6.31089e-31
2 0
3 0
4 0
5 0
6 0
83900 6
1 6.31089e-31
2 0
3 0
4 0
5 0
6 0
84000 6
1 6.31089e-31
2 0
3 0
4 0
5 0
6 0
84100 6
1 6.31089e-31
2 0
3 0
4 0
5 0
6 0
84200 6
1 9.46633e-31
2 0
3 0
4 0
5 0
6 0
84300 6
1 9.46633e-31
2 0
3 0
4 0
5 0
6 0
84400 6
1 9.46633e-31
2 0
3 0
4 0
5 0
6 0
84500 6
1 1.26218e-30
2 0
3 0
4 0
5 0
6 0
84600 6
1 9.46633e-31
2 0
3 0
4 0
5 0
6 0
84700 6
1 9.46633e-31
2 0
3 0
4 0
5 0
6 0
84800 6
1 9.46633e-31
2 0
3 0
4 0
5 0
6 0
84900 6
1 9.46633e-31
2 0
3 0
4 0
5 0
6 0
85000 6
1 9.46633e-31
2 0
3 0
4 0
5 0
6 0
85100 6
1 9.46633e-31
2 0
3 0
4 0
5 0
6 0
85200 6
1 1.26218e-30
2 0
3 0
4 0
5 0
6 0
85300 6
1 9.46633e-31
2 0
3 0
4 0
5 0
6 0
85400 6
1 9.46633e-31
2 0
3 0
4 0
5 0
6 0
85500 6
1 6.31089e-31
2 0
3 0
4 0
5 0
6 0
85600 6
1 9.46633e-31
2 0
3 0
4 0
5 0
6 0
85700 6
1 6.31089e-31
2 0
3 0
4 0
5 0
6 0
85800 6
1 6.31089e-31
2 0
3 0
4 0
5 0
6 0
85900 6
1 6.31089e-31
2 0
3 0
4 0
5 0
6 0
86000 6
1 6.31089e-31
2 0
3 0
4 0
5 0
6 0
86100 6
1 6.31089e-31
2 0
3 0
4 0
5 0
6 0
86200 6
1 9.46633e-31
2 0
3 0
4 0
5 0
6 0
86300 6
1 9.46633e-31
2 0
3 0
4 0
5 0
6 0
86400 6
1 9.46633e-31
2 0
3 0
4 0
5 0
6 0
86500 6
1 1.26218e-30
2 0
3 0
4 0
5 0
6 0
86600 6
1 6.31089e-31
2 0
3 0
4 0
5 0
6 0
86700 6
1 9.46633e-31
2 0
3 0
4 0
5 0
6 0
86800 6
1 6.31089e-31
2 0
3 0
4 0
5 0
6 0
86900 6
1 9.46633e-31
2 0
3 0
4 0
5 0
6 0
87000 6
1 9.46633e-31
2 0
3 0
4 0
5 0
6 0
87100 6
1 9.46633e-31
2 0
3 0
4 0
5 0
6 0
87200 6
1 6.31089e-31
2 0
3 0
4 0
5 0
6 0
87300 6
1 6.31089e-31
2 0
3 0
4 0
5 0
6 0
87400 6
1 9.46633e-31
2 0
3 0
4 0
5 0
6 0
87500 6
1 9.46633e-31
2 0
3 0
4 0
5 0
6 0
87600 6
1 6.31089e-31
2 0
3 0
4 0
5 0
6 0
87700 6
1 6.31089e-31
2 0
3 0
4 0
5 0
6 0
87800 6
1 6.31089e-31
2 0
3 0
4 0
5 0
6 0
87900 6
1 1.26218e-30
2 0
3 0
4 0
5 0
6 0
88000 6
1 9.46633e-31
2 0
3 0
4 0
5 0
6 0
88100 6
1 6.31089e-31
2 0
3 0
4 0
5 0
6 0
88200 6
1 9.46633e-31
2 0
3 0
4 0
5 0
6 0
88300 6
1 9.46633e-31
2 0
3 0
4 0
5 0
6 0
88400 6
1 9.46633e-31
2 0
3 0
4 0
5 0
6 0
88500 6
1 1.26218e-30
2 0
3 0
4 0
5 0
6 0
88600 6
1 9.46633e-31
2 0
3 0
4 0
5 0
6 0
88700 6
1 9.46633e-31
2 0
3 0
4 0
5 0
6 0
88800 6
1 9.46633e-31
2 0
3 0
4 0
5 0
6 0
88900 6
1 9.46633e-31
2 0
3 0
4 0
5 0
6 0
89000 6
1 6.31089e-31
2 0
3 0
4 0
5 0
6 0
89100 6
1 9.46633e-31
2 0
3 0
4 0
5 0
6 0
89200 6
1 6.31089e-31
2 0
3 0
4 0
5 0
6 0
89300 6
1 6.31089e-31
2 0
3 0
4 0
5 0
6 0
89400 6
1 6.31089e-31
2 0
3 0
4 0
5 0
6 0
89500 6
1 6.31089e-31
2 0
3 0
4 0
5 0
6 0
89600 6
1 9.46633e-31
2 0
3 0
4 0
5 0
6 0
89700 6
1 9.46633e-31
2 0
3 0
4 0
5 0
6 0
89800 6
1 6.31089e-31
2 0
3 0
4 0
5 0
6 0
89900 6
1 6.31089e-31
2 0
3 0
4 0
5 0
6 0
90000 6
1 9.46633e-31
2 0
3 0
4 0
5 0
6 0
90100 6
1 1.26218e-30
2 0
3 0
4 0
5 0
6 0
90200 6
1 6.31089e-31
2 0
3 0
4 0
5 0
6 0
90300 6
1 9.46633e-31
2 0
3 0
4 0
5 0
6 0
90400 6
1 9.46633e-31
2 0
3 0
4 0
5 0
6 0
90500 6
1 6.31089e-31
2 0
3 0
4 0
5 0
6 0
90600 6
1 6.31089e-31
2 0
3 0
4 0
5 0
6 0
90700 6
1 9.46633e-31
2 0
3 0
4 0
5 0
6 0
90800 6
1 9.46633e-31
2 0
3 0
4 0
5 0
6 0
90900 6
1 6.31089e-31
2 0
3 0
4 0
5 0
6 0
91000 6
1 6.31089e-31
2 0
3 0
4 0
5 0
6 0
91100 6
1 6.31089e-31
2 0
3 0
4 0
5 0
6 0
91200 6
1 6.31089e-31
2 0
3 0
4 0
5 0
6 0
91300 6
1 6.31089e-31
2 0
3 0
4 0
5 0
6 0
91400 6
1 6.31089e-31
2 0
3 0
4 0
5 0
6 0
91500 6
1 9.46633e-31
2 0
3 0
4 0
5 0
6 0
91600 6
1 9.46633e-31
2 0
3 0
4 0
5 0
6 0
91700 6
1 9.46633e-31
2 0
3 0
4 0
5 0
6 0
91800 6
1 9.46633e-31
2 0
3 0
4 0
5 0
6 0
91900 6
1 6.31089e-31
2 0
3 0
4 0
5 0
6 0
92000 6
1 6.31089e-31
2 0
3 0
4 0
5 0
6 0
92100 6
1 9.46633e-31
2 0
3 0
4 0
5 0
6 0
92200 6
1 6.31089e-31
2 0
3 0
4 0
5 0
6 0
92300 6
1 9.46633e-31
2 0
3 0
4 0
5 0
6 0
92400 6
1 6.31089e-31
2 0
3 0
4 0
5 0
6 0
92500 6
1 9.46633e-31
2 0
3 0
4 0
5 0
6 0
92600 6
1 1.26218e-30
2 0
3 0
4 0
5 0
6 0
92700 6
1 9.46633e-31
2 0
3 0
4 0
5 0
6 0
92800 6
1 6.31089e-31
2 0
3 0
4 0
5 0
6 0
92900 6
1 6.31089e-31
2 0
3 0
4 0
5 0
6 0
93000 6
1 6.31089e-31
2 0
3 0
4 0
5 0
6 0
93100 6
1 6.31089e-31
2 0
3 0
4 0
5 0
6 0
93200 6
1 6.31089e-31
2 0
3 0
4 0
5 0
6 0
93300 6
1 6.31089e-31
2 0
3 0
4 0
5 0
6 0
93400 6
1 6.31089e-31
2 0
3 0
4 0
5 0
6 0
93500 6
1 6.31089e-31
2 0
3 0
4 0
5 0
6 0
93600 6
1 9.46633e-31
2 0
3 0
4 0
5 0
6 0
93700 6
1 9.46633e-31
2 0
3 0
4 0
5 0
6 0
93800 6
1 6.31089e-31
2 0
3 0
4 0
5 0
6 0
