# Time-averaged data for fix thermodynamic_data
# TimeStep c_pe_total c_ke_total v_E_total v_E_interaction v_E_HAP v_E_CO2 v_E_binding v_E_interaction_kcal v_E_HAP_kcal v_E_CO2_kcal v_E_binding_kcal v_temp_current v_press_current v_vol_current v_coverage v_CO2_height c_temp_mobile_prod c_temp_system_prod
43900 -832838 99.2591 -832739 687.099 -832737 -689.733 -687.099 15845.1 -1.92037e+07 -15905.9 -15845.1 443.874 23965.5 26868 0.000577701 9.3295 470.272 443.874
44000 -832840 103.635 -832736 687.128 -832734 -689.727 -687.128 15845.8 -1.92036e+07 -15905.7 -15845.8 463.443 23142.4 26920.4 0.000577701 9.76615 498.388 463.443
44100 -832841 109.543 -832731 686.584 -832728 -689.727 -686.584 15833.2 -1.92035e+07 -15905.7 -15833.2 489.864 21996.4 27026.1 0.000577701 10.0348 517.322 489.864
44200 -832831 99.0522 -832732 686.485 -832729 -689.726 -686.485 15831 -1.92035e+07 -15905.7 -15831 442.949 20603.1 27234.8 0.000577701 10.1484 477.803 442.949
44300 -832828 100.472 -832728 686.952 -832725 -689.73 -686.952 15841.7 -1.92034e+07 -15905.8 -15841.7 449.297 24114.4 27397.7 0.000577701 10.4127 485.218 449.297
44400 -832832 106.325 -832725 687.232 -832723 -689.734 -687.232 15848.2 -1.92033e+07 -15905.9 -15848.2 475.473 26517.3 27490.4 0.000577701 10.8663 509.976 475.473
44500 -832824 99.068 -832725 686.84 -832722 -689.731 -686.84 15839.2 -1.92033e+07 -15905.8 -15839.2 443.019 25759.5 27553.7 0.000577701 11.1592 480.842 443.019
44600 -832821 99.7174 -832721 686.409 -832718 -689.73 -686.409 15829.2 -1.92032e+07 -15905.8 -15829.2 445.923 25375.3 27786.2 0.000577701 11.284 486.997 445.923
44700 -832814 99.1902 -832715 686.751 -832712 -689.735 -686.751 15837.1 -1.92031e+07 -15905.9 -15837.1 443.566 24984.4 27943.3 0.000577701 11.4568 464.517 443.566
44800 -832809 92.1998 -832717 687.186 -832715 -689.741 -687.186 15847.1 -1.92031e+07 -15906 -15847.1 412.305 24986.4 28054.1 0.000577701 11.702 447.957 412.305
44900 -832807 94.7559 -832713 687.064 -832710 -689.742 -687.064 15844.3 -1.9203e+07 -15906.1 -15844.3 423.736 26807.7 28153.2 0.000577701 11.9839 456.062 423.736
45000 -832812 102.147 -832710 686.487 -832707 -689.74 -686.487 15831 -1.9203e+07 -15906 -15831 456.787 24498.9 28262.7 0.000577701 12.1468 489.236 456.787
45100 -832811 101.382 -832710 686.596 -832707 -689.745 -686.596 15833.5 -1.9203e+07 -15906.1 -15833.5 453.369 22970.5 28484 0.000577701 12.2652 490.545 453.369
45200 -832814 108.179 -832706 687.084 -832703 -689.752 -687.084 15844.8 -1.92029e+07 -15906.3 -15844.8 483.762 21290.2 28605.4 0.000577701 12.4894 522.019 483.762
45300 -832804 100.093 -832704 687.201 -832702 -689.757 -687.201 15847.5 -1.92029e+07 -15906.4 -15847.5 447.605 21879.5 28686.9 0.000577701 12.8262 481.35 447.605
45400 -832801 98.1434 -832703 686.649 -832699 -689.755 -686.649 15834.7 -1.92028e+07 -15906.4 -15834.7 438.885 20866.8 28807 0.000577701 13.1025 468.322 438.885
45500 -832797 96.2531 -832701 686.5 -832698 -689.758 -686.5 15831.3 -1.92028e+07 -15906.4 -15831.3 430.432 21058.6 28995.3 0.000577701 13.246 470.449 430.432
45600 -832797 100.506 -832697 686.966 -832694 -689.765 -686.966 15842.1 -1.92027e+07 -15906.6 -15842.1 449.448 21569.5 29136.3 0.000577701 13.4293 478.694 449.448
45700 -832804 107.997 -832696 687.246 -832694 -689.772 -687.246 15848.5 -1.92027e+07 -15906.8 -15848.5 482.949 21878.2 29221.1 0.000577701 13.7342 524.613 482.949
45800 -832796 103.38 -832692 686.814 -832689 -689.771 -686.814 15838.5 -1.92026e+07 -15906.7 -15838.5 462.303 21532.6 29290.3 0.000577701 13.9482 499.96 462.303
45900 -832792 102.585 -832689 686.455 -832686 -689.772 -686.455 15830.3 -1.92025e+07 -15906.8 -15830.3 458.746 21784.1 29511.7 0.000577701 14.0088 489.062 458.746
46000 -832796 106.03 -832690 686.859 -832687 -689.779 -686.859 15839.6 -1.92025e+07 -15906.9 -15839.6 474.154 20255.8 29642.4 0.000577701 14.1267 515.201 474.154
46100 -832792 104.976 -832687 687.237 -832685 -689.786 -687.237 15848.3 -1.92025e+07 -15907.1 -15848.3 469.439 21106.6 29756.4 0.000577701 14.334 514.015 469.439
46200 -832790 108.437 -832682 686.951 -832679 -689.786 -686.951 15841.7 -1.92023e+07 -15907.1 -15841.7 484.915 19188.7 29832.8 0.000577701 14.5879 514.636 484.915
46300 -832784 101.446 -832682 686.456 -832679 -689.786 -686.456 15830.3 -1.92023e+07 -15907.1 -15830.3 453.655 17846.2 30003.3 0.000577701 14.7 492.29 453.655
46400 -832783 105.064 -832678 686.777 -832675 -689.792 -686.777 15837.7 -1.92022e+07 -15907.2 -15837.7 469.834 16091.9 30193.3 0.000577701 14.802 505.108 469.834
46500 -832783 106.596 -832677 687.209 -832674 -689.798 -687.209 15847.7 -1.92022e+07 -15907.4 -15847.7 476.682 15050.1 30284.9 0.000577701 15.0577 513.718 476.682
46600 -832782 104.89 -832677 687.052 -832674 -689.8 -687.052 15844 -1.92022e+07 -15907.4 -15844 469.052 16436.1 30333.7 0.000577701 15.4041 513.696 469.052
46700 -832781 110.664 -832670 686.487 -832667 -689.798 -686.487 15831 -1.92021e+07 -15907.4 -15831 494.875 16345.1 30471.7 0.000577701 15.5962 530.11 494.875
46800 -832775 105.941 -832669 686.722 -832666 -689.804 -686.722 15836.4 -1.9202e+07 -15907.5 -15836.4 473.756 15489.6 30694.9 0.000577701 15.6587 510.086 473.756
46900 -832770 102.344 -832668 687.182 -832665 -689.81 -687.182 15847 -1.9202e+07 -15907.6 -15847 457.67 16582.2 30816.1 0.000577701 15.9146 492.283 457.67
47000 -832771 104.743 -832666 687.117 -832664 -689.813 -687.117 15845.5 -1.9202e+07 -15907.7 -15845.5 468.395 16247.1 30863 0.000577701 16.1928 514.383 468.395
47100 -832771 108.993 -832662 686.525 -832659 -689.811 -686.525 15831.9 -1.92019e+07 -15907.7 -15831.9 487.4 14812.7 30970.9 0.000577701 16.2948 521.343 487.4
47200 -832768 104.704 -832663 686.692 -832660 -689.816 -686.692 15835.7 -1.92019e+07 -15907.8 -15835.7 468.223 14062.9 31166.4 0.000577701 16.3827 508.315 468.223
47300 -832760 101.895 -832658 687.162 -832656 -689.822 -687.162 15846.6 -1.92018e+07 -15907.9 -15846.6 455.663 15289.2 31282.9 0.000577701 16.6124 491.415 455.663
47400 -832763 106.997 -832656 687.154 -832653 -689.826 -687.154 15846.4 -1.92017e+07 -15908 -15846.4 478.477 14114.6 31392.9 0.000577701 16.9085 511.473 478.477
47500 -832766 110.1 -832656 686.554 -832653 -689.824 -686.554 15832.6 -1.92017e+07 -15908 -15832.6 492.353 13844 31487.1 0.000577701 17.0704 540.26 492.353
47600 -832756 104.379 -832652 686.683 -832649 -689.829 -686.683 15835.5 -1.92016e+07 -15908.1 -15835.5 466.769 13476.5 31683.2 0.000577701 17.1287 507.522 466.769
47700 -832757 109.795 -832647 687.156 -832644 -689.835 -687.156 15846.4 -1.92015e+07 -15908.2 -15846.4 490.989 11681.3 31818.5 0.000577701 17.2918 518.4 490.989
47800 -832753 103.095 -832650 687.17 -832647 -689.839 -687.17 15846.8 -1.92016e+07 -15908.3 -15846.8 461.027 9351.7 31875.9 0.000577701 17.55 504.325 461.027
47900 -832751 105.555 -832646 686.568 -832643 -689.837 -686.568 15832.9 -1.92015e+07 -15908.3 -15832.9 472.028 9301.57 31987.7 0.000577701 17.6725 511.669 472.028
48000 -832746 103.528 -832642 686.693 -832639 -689.842 -686.693 15835.8 -1.92014e+07 -15908.4 -15835.8 462.964 11382.2 32179.3 0.000577701 17.7096 493.204 462.964
48100 -832747 102.754 -832644 687.163 -832641 -689.849 -687.163 15846.6 -1.92015e+07 -15908.5 -15846.6 459.5 8561.68 32310.3 0.000577701 17.8731 502.893 459.5
48200 -832741 102.8 -832638 687.167 -832636 -689.852 -687.167 15846.7 -1.92013e+07 -15908.6 -15846.7 459.706 9555.2 32378 0.000577701 18.1981 492.301 459.706
48300 -832736 99.0173 -832637 686.567 -832634 -689.85 -686.567 15832.8 -1.92013e+07 -15908.6 -15832.8 442.792 9987.16 32500.4 0.000577701 18.3667 476.43 442.792
48400 -832735 100.67 -832635 686.721 -832632 -689.856 -686.721 15836.4 -1.92012e+07 -15908.7 -15836.4 450.184 9900.39 32691.2 0.000577701 18.3912 483.338 450.184
48500 -832742 108.663 -832633 687.183 -832630 -689.863 -687.183 15847.1 -1.92012e+07 -15908.9 -15847.1 485.927 9895.19 32765.2 0.000577701 18.5637 533.439 485.927
48600 -832735 105.69 -832629 687.144 -832626 -689.867 -687.144 15846.2 -1.92011e+07 -15909 -15846.2 472.632 7265.69 32840.8 0.000577701 18.8839 503.328 472.632
48700 -832734 103.485 -832630 686.554 -832627 -689.867 -686.554 15832.6 -1.92011e+07 -15909 -15832.6 462.77 3595.16 32940 0.000577701 18.9958 503.055 462.77
48800 -832729 102.702 -832626 686.769 -832623 -689.875 -686.769 15837.5 -1.9201e+07 -15909.1 -15837.5 459.268 6189.83 33138.7 0.000577701 19.0728 498.289 459.268
48900 -832729 106.446 -832622 687.216 -832620 -689.883 -687.216 15847.8 -1.9201e+07 -15909.3 -15847.8 476.012 7007.7 33271.9 0.000577701 19.3073 504.697 476.012
49000 -832726 100.866 -832625 687.094 -832622 -689.888 -687.094 15845 -1.9201e+07 -15909.4 -15845 451.058 6673.2 33335.4 0.000577701 19.6098 491.058 451.058
49100 -832720 98.6483 -832621 686.542 -832618 -689.888 -686.542 15832.3 -1.92009e+07 -15909.4 -15832.3 441.143 4596.23 33461.2 0.000577701 19.6839 480.106 441.143
49200 -832719 102.398 -832616 686.843 -832613 -689.897 -686.843 15839.2 -1.92008e+07 -15909.7 -15839.2 457.909 4983.37 33611 0.000577701 19.7191 484.85 457.909
49300 -832715 98.5566 -832617 687.253 -832614 -689.906 -687.253 15848.7 -1.92008e+07 -15909.9 -15848.7 440.732 5710.47 33726 0.000577701 19.9068 477.684 440.732
49400 -832716 103.293 -832612 686.998 -832610 -689.906 -686.998 15842.8 -1.92007e+07 -15909.8 -15842.8 461.912 5983.53 33792 0.000577701 20.1471 497.854 461.912
49500 -832719 107.487 -832611 686.544 -832608 -689.905 -686.544 15832.3 -1.92007e+07 -15909.8 -15832.3 480.668 4738.28 33911.1 0.000577701 20.2373 515.067 480.668
49600 -832711 98.2383 -832613 686.94 -832610 -689.912 -686.94 15841.5 -1.92007e+07 -15910 -15841.5 439.309 3119.29 34086.4 0.000577701 20.3471 482.676 439.309
49700 -832708 101.953 -832606 687.273 -832603 -689.917 -687.273 15849.1 -1.92006e+07 -15910.1 -15849.1 455.922 2537.58 34206.6 0.000577701 20.5934 485.382 455.922
49800 -832707 103.167 -832604 686.833 -832601 -689.906 -686.833 15839 -1.92005e+07 -15909.9 -15839 461.351 2392.63 34296.5 0.000577701 20.8028 496.968 461.351
49900 -832710 105.644 -832604 686.583 -832601 -689.904 -686.583 15833.2 -1.92005e+07 -15909.8 -15833.2 472.425 3796.49 34471.4 0.000577701 20.7951 508.399 472.425
50000 -832701 98.4684 -832603 687.055 -832600 -689.903 -687.055 15844.1 -1.92005e+07 -15909.8 -15844.1 440.338 4327.62 34579.1 0.000577701 20.8655 480.457 440.338
50100 -832699 100.118 -832599 687.22 -832596 -689.896 -687.22 15847.9 -1.92004e+07 -15909.6 -15847.9 447.715 3952.54 34626.4 0.000577701 21.1095 477.205 447.715
50200 -832699 100.476 -832599 686.594 -832596 -689.873 -686.594 15833.5 -1.92004e+07 -15909.1 -15833.5 449.314 1629.44 34747.7 0.000577701 21.2239 485.374 449.314
50300 -832693 98.7448 -832595 686.675 -832592 -689.864 -686.675 15835.3 -1.92003e+07 -15908.9 -15835.3 441.574 1943.27 34941.2 0.000577701 21.2093 474.425 441.574
50400 -832694 101.801 -832592 687.158 -832589 -689.846 -687.158 15846.5 -1.92003e+07 -15908.5 -15846.5 455.243 1094.85 35054.9 0.000577701 21.4254 482.035 455.243
50500 -832696 101.371 -832594 686.986 -832591 -689.816 -686.986 15842.5 -1.92003e+07 -15907.8 -15842.5 453.316 -103.276 35109.6 0.000577701 21.7753 498.18 453.316
50600 -832690 102.081 -832588 686.378 -832585 -689.778 -686.378 15828.5 -1.92002e+07 -15906.9 -15828.5 456.493 2955.1 35224.3 0.000577701 21.9124 491.617 456.493
50700 -832685 101.623 -832583 686.82 -832580 -689.744 -686.82 15838.7 -1.92e+07 -15906.1 -15838.7 454.446 2107.89 35454.5 0.000577701 22.0653 477.987 454.446
50800 -832687 102.876 -832585 687.168 -832582 -689.696 -687.168 15846.7 -1.92001e+07 -15905 -15846.7 460.047 915.398 35563 0.000577701 22.3782 502.185 460.047
50900 -832682 101.818 -832580 686.512 -832577 -689.623 -686.512 15831.6 -1.92e+07 -15903.3 -15831.6 455.316 757.848 35619.3 0.000577701 22.571 490.808 455.316
51000 -832672 97.041 -832575 686.343 -832572 -689.541 -686.343 15827.7 -1.91999e+07 -15901.4 -15827.7 433.955 1896.46 35838.5 0.000577701 22.6347 458.024 433.955
51100 -832672 95.9156 -832576 686.934 -832574 -689.428 -686.934 15841.3 -1.91999e+07 -15898.8 -15841.3 428.922 2057.23 36027.9 0.000577701 22.8804 470.729 428.922
51200 -832674 104.025 -832570 686.815 -832568 -689.273 -686.815 15838.6 -1.91998e+07 -15895.3 -15838.6 465.187 713.736 36133.8 0.000577701 23.2414 494.324 465.187
51300 -832665 96.1797 -832568 685.694 -832565 -688.919 -685.694 15812.7 -1.91997e+07 -15887.1 -15812.7 430.103 -60.4318 36255.2 0.000577701 23.4865 460.27 430.103
51400 -832666 99.7748 -832566 685.453 -832564 -687.836 -685.453 15807.2 -1.91997e+07 -15862.1 -15807.2 446.18 -362.53 36536.3 0.000577701 23.7485 480.295 446.18
51500 -832659 95.5503 -832563 686.686 -832563 -687.519 -686.686 15835.6 -1.91996e+07 -15854.8 -15835.6 427.289 8.91699 36783.8 0.000577701 24.2228 461.403 427.289
51600 -832659 100.976 -832558 684.765 -832556 -685.999 -684.765 15791.3 -1.91995e+07 -15819.8 -15791.3 451.551 337.163 36700 0.000577701 24.5905 477.723 451.551
51700 -832658 98.1484 -832560 685.269 -832558 -686.394 -685.269 15802.9 -1.91995e+07 -15828.9 -15802.9 438.907 -1144.51 36766.1 0.000577701 24.4899 474.902 438.907
51800 -832656 99.7126 -832557 687.111 -832557 -687.226 -687.111 15845.4 -1.91995e+07 -15848.1 -15845.4 445.902 -1846.43 36705.7 0.000577701 23.8456 482.154 445.902
51900 -832651 99.9505 -832551 685.98 -832549 -687.544 -685.98 15819.3 -1.91993e+07 -15855.4 -15819.3 446.966 -646.872 36706.4 0.000577701 23.3787 466.429 446.966
52000 -832651 97.0887 -832554 685.735 -832552 -687.877 -685.735 15813.7 -1.91994e+07 -15863.1 -15813.7 434.168 -929.412 36667.5 0.000577701 23.2957 474.488 434.168
52100 -832649 99.5897 -832550 686.29 -832548 -687.987 -686.29 15826.5 -1.91993e+07 -15865.6 -15826.5 445.352 -2316.94 36604.2 0.000577701 23.5012 480.072 445.352
52200 -832652 106.836 -832545 687.166 -832545 -687.866 -687.166 15846.7 -1.91992e+07 -15862.8 -15846.7 477.759 -2051.47 36572 0.000577701 24.0128 506.69 477.759
52300 -832643 98.766 -832544 683.727 -832542 -686.604 -683.727 15767.4 -1.91992e+07 -15833.7 -15767.4 441.669 -610.14 36600.6 0.000577701 24.3842 479.223 441.669
52400 -832636 96.2322 -832540 685.081 -832538 -687.018 -685.081 15798.6 -1.91991e+07 -15843.2 -15798.6 430.338 -1238 36673.7 0.000577701 24.3298 460.258 430.338
52500 -832636 100.384 -832535 686.755 -832534 -687.559 -686.755 15837.2 -1.9199e+07 -15855.7 -15837.2 448.904 -2636.23 36622.3 0.000577701 23.7352 474.328 448.904
52600 -832629 93.3673 -832535 685.683 -832534 -687.443 -685.683 15812.5 -1.9199e+07 -15853.1 -15812.5 417.527 -2483.99 36698.4 0.000577701 23.3115 457.282 417.527
52700 -832623 94.1582 -832529 685.52 -832527 -687.587 -685.52 15808.7 -1.91988e+07 -15856.4 -15808.7 421.063 -2173.63 36702.9 0.000577701 23.2471 443.816 421.063
52800 -832620 95.1578 -832525 686.568 -832523 -688.109 -686.568 15832.9 -1.91987e+07 -15868.4 -15832.9 425.533 -2310.54 36619.3 0.000577701 23.5004 452.502 425.533
52900 -832616 92.7869 -832523 686.223 -832521 -688.127 -686.223 15824.9 -1.91987e+07 -15868.8 -15824.9 414.931 -1407.2 36514.3 0.000577701 23.9708 441.255 414.931
53000 -832619 97.1636 -832522 685.189 -832518 -688.442 -685.189 15801.1 -1.91986e+07 -15876.1 -15801.1 434.503 -1824.59 36674.8 0.000577701 23.895 468.657 434.503
53100 -832614 97.9884 -832516 685.296 -832513 -687.981 -685.296 15803.5 -1.91985e+07 -15865.5 -15803.5 438.191 -3947.46 36574.5 0.000577701 23.8171 465.699 438.191
53200 -832615 100.087 -832515 687.19 -832514 -688.499 -687.19 15847.2 -1.91985e+07 -15877.4 -15847.2 447.575 -4128.32 36487.4 0.000577701 23.3905 479.788 447.575
53300 -832607 94.7671 -832512 686.375 -832510 -688.481 -686.375 15828.4 -1.91984e+07 -15877 -15828.4 423.786 -2586.54 36524.2 0.000577701 22.9587 453.314 423.786
53400 -832608 99.5088 -832508 686.189 -832506 -688.527 -686.189 15824.1 -1.91983e+07 -15878.1 -15824.1 444.991 -4657.13 36532.2 0.000577701 22.8399 465.646 444.991
53500 -832604 91.6513 -832512 686.694 -832510 -688.615 -686.694 15835.8 -1.91984e+07 -15880.1 -15835.8 409.853 -2427.14 36502.5 0.000577701 22.9791 448.929 409.853
53600 -832599 92.4 -832507 686.993 -832505 -688.703 -686.993 15842.7 -1.91983e+07 -15882.1 -15842.7 413.201 -4606.28 36439.1 0.000577701 23.361 438.098 413.201
53700 -832593 92.3381 -832501 684.556 -832498 -687.814 -684.556 15786.5 -1.91981e+07 -15861.6 -15786.5 412.924 -4616.26 36483.4 0.000577701 23.3267 432.503 412.924
53800 -832593 91.6495 -832501 684.475 -832498 -687.337 -684.475 15784.6 -1.91982e+07 -15850.6 -15784.6 409.845 -3465.75 36806.2 0.000577701 23.2777 443.309 409.845
53900 -832593 94.1448 -832498 686.372 -832497 -688.308 -686.372 15828.3 -1.91981e+07 -15873 -15828.3 421.003 -238.549 36513.2 0.000577701 23.3367 448.564 421.003
54000 -832588 94.5226 -832493 685.954 -832491 -687.758 -685.954 15818.7 -1.9198e+07 -15860.3 -15818.7 422.693 -1688.3 36597.6 0.000577701 22.8635 445.647 422.693
54100 -832581 88.4037 -832493 685.687 -832490 -687.757 -685.687 15812.6 -1.9198e+07 -15860.3 -15812.6 395.33 -4144.81 36762.7 0.000577701 22.6338 430.639 395.33
54200 -832582 94.817 -832487 685.881 -832484 -688.126 -685.881 15817 -1.91978e+07 -15868.8 -15817 424.01 -3900.96 36620.1 0.000577701 22.694 445.252 424.01
54300 -832574 88.5728 -832485 686.538 -832483 -688.722 -686.538 15832.2 -1.91978e+07 -15882.5 -15832.2 396.086 -3878.75 36500.1 0.000577701 23.0206 419.668 396.086
54400 -832574 89.6966 -832484 685.67 -832481 -688.268 -685.67 15812.2 -1.91978e+07 -15872.1 -15812.2 401.112 -4328.41 36438.4 0.000577701 22.8318 430.362 401.112
54500 -832571 90.9423 -832480 685.935 -832478 -688.195 -685.935 15818.3 -1.91977e+07 -15870.4 -15818.3 406.682 -4646.53 36724.7 0.000577701 22.6414 432.328 406.682
54600 -832567 92.981 -832474 685.623 -832472 -688.026 -685.623 15811.1 -1.91976e+07 -15866.5 -15811.1 415.799 -4589.84 36645.6 0.000577701 22.8186 437.215 415.799
54700 -832561 86.7304 -832475 686.352 -832472 -688.559 -686.352 15827.9 -1.91976e+07 -15878.8 -15827.9 387.847 -5543.4 36455.9 0.000577701 23.0661 416.5 387.847
54800 -832560 89.1604 -832470 685.415 -832468 -687.703 -685.415 15806.3 -1.91975e+07 -15859 -15806.3 398.714 -6973.34 36541.4 0.000577701 22.6392 427.154 398.714
54900 -832559 95.9907 -832463 685.306 -832461 -687.597 -685.306 15803.8 -1.91973e+07 -15856.6 -15803.8 429.258 -5968.54 36775.4 0.000577701 22.4525 443.82 429.258
55000 -832559 91.4109 -832468 686.002 -832465 -688.474 -686.002 15819.8 -1.91974e+07 -15876.8 -15819.8 408.778 -4713.49 36633.4 0.000577701 22.6182 448.511 408.778
55100 -832553 90.5798 -832462 686.53 -832460 -688.654 -686.53 15832 -1.91973e+07 -15881 -15832 405.061 -6088.16 36426.1 0.000577701 22.6311 428.835 405.061
55200 -832548 89.9214 -832458 685.535 -832455 -687.776 -685.535 15809 -1.91972e+07 -15860.7 -15809 402.117 -7577.4 36589.3 0.000577701 22.2284 421.177 402.117
55300 -832548 89.5472 -832458 685.645 -832456 -687.712 -685.645 15811.6 -1.91972e+07 -15859.3 -15811.6 400.444 -5361.51 36769.7 0.000577701 22.1242 434.673 400.444
55400 -832544 90.0587 -832454 686.303 -832452 -688.245 -686.303 15826.8 -1.91971e+07 -15871.5 -15826.8 402.731 -3337.92 36595.1 0.000577701 22.3361 425.228 402.731
55500 -832540 88.1401 -832452 685.922 -832450 -688.299 -685.922 15818 -1.9197e+07 -15872.8 -15818 394.151 -4033.4 36486.3 0.000577701 22.4314 411.826 394.151
55600 -832537 81.8076 -832456 686.207 -832453 -688.62 -686.207 15824.6 -1.91971e+07 -15880.2 -15824.6 365.833 -6954.23 36771.6 0.000577701 22.0562 399.127 365.833
55700 -832536 86.2617 -832450 685.258 -832447 -688.238 -685.258 15802.7 -1.9197e+07 -15871.4 -15802.7 385.751 -7428.68 36689.9 0.000577701 22.0378 404.75 385.751
55800 -832535 88.2567 -832447 686.995 -832445 -688.722 -686.995 15842.7 -1.91969e+07 -15882.6 -15842.7 394.673 -8131.23 36438.2 0.000577701 21.8675 414.867 394.673
55900 -832530 83.8555 -832446 686.265 -832444 -688.336 -686.265 15825.9 -1.91969e+07 -15873.7 -15825.9 374.991 -6590.63 36534 0.000577701 21.3039 398.005 374.991
56000 -832528 84.9413 -832443 685.695 -832441 -687.786 -685.695 15812.7 -1.91968e+07 -15861 -15812.7 379.847 -7119.1 36654.9 0.000577701 21.0432 404.061 379.847
56100 -832530 90.3295 -832440 686.192 -832438 -687.538 -686.192 15824.2 -1.91968e+07 -15855.2 -15824.2 403.942 -7325.12 36717.2 0.000577701 21.086 428.874 403.942
56200 -832528 90.6124 -832438 687.25 -832438 -687.507 -687.25 15848.6 -1.91968e+07 -15854.5 -15848.6 405.207 -8200.66 36683 0.000577701 21.4332 432.502 405.207
56300 -832522 83.9676 -832438 686.241 -832435 -689.156 -686.241 15825.3 -1.91967e+07 -15892.6 -15825.3 375.492 -8585.46 36751.9 0.000577701 21.5396 400.166 375.492
56400 -832523 91.0386 -832432 687.151 -832431 -687.615 -687.151 15846.3 -1.91966e+07 -15857 -15846.3 407.113 -7521.74 36676.9 0.000577701 20.999 420.537 407.113
56500 -832523 86.4983 -832437 686.534 -832435 -687.843 -686.534 15832.1 -1.91967e+07 -15862.3 -15832.1 386.809 -7606.27 36652.8 0.000577701 20.1859 425.441 386.809
56600 -832518 87.2181 -832431 685.874 -832429 -687.893 -685.874 15816.9 -1.91966e+07 -15863.4 -15816.9 390.028 -7361.89 36650.9 0.000577701 19.7409 411.942 390.028
56700 -832517 89.876 -832427 686.056 -832425 -687.971 -686.056 15821.1 -1.91965e+07 -15865.2 -15821.1 401.914 -8098.01 36646.4 0.000577701 19.6482 420.856 401.914
56800 -832521 92.2059 -832429 687.072 -832428 -688.058 -687.072 15844.5 -1.91965e+07 -15867.2 -15844.5 412.333 -9175.78 36627.3 0.000577701 19.8988 447.005 412.333
56900 -832508 84.7791 -832424 685.42 -832422 -687.503 -685.42 15806.4 -1.91964e+07 -15854.4 -15806.4 379.121 -9060.34 36624.4 0.000577701 20.3225 397.979 379.121
57000 -832508 86.041 -832421 684.322 -832419 -687.113 -684.322 15781.1 -1.91963e+07 -15845.4 -15781.1 384.764 -8982.77 36809 0.000577701 20.28 405.009 384.764
57100 -832509 86.5059 -832423 687.2 -832422 -687.919 -687.2 15847.5 -1.91964e+07 -15864 -15847.5 386.843 -7429.73 36607.3 0.000577701 19.7804 419.826 386.843
57200 -832502 85.4405 -832417 686.028 -832415 -687.698 -686.028 15820.4 -1.91962e+07 -15858.9 -15820.4 382.079 -6632.21 36662.7 0.000577701 19.2956 397.2 382.079
57300 -832499 84.0694 -832414 685.644 -832412 -687.651 -685.644 15811.6 -1.91962e+07 -15857.8 -15811.6 375.948 -8541.58 36706.9 0.000577701 19.1876 396.438 375.948
57400 -832498 83.0356 -832415 686.324 -832413 -687.869 -686.324 15827.2 -1.91962e+07 -15862.9 -15827.2 371.325 -10028.6 36662.7 0.000577701 19.4008 398.431 371.325
57500 -832500 90.3157 -832410 687.229 -832409 -688.069 -687.229 15848.1 -1.91961e+07 -15867.5 -15848.1 403.88 -8484.87 36623 0.000577701 19.9418 426.141 403.88
57600 -832500 91.9306 -832408 685.473 -832405 -688.813 -685.473 15807.6 -1.9196e+07 -15884.6 -15807.6 411.102 -7998.02 36720.6 0.000577701 20.1796 436.732 411.102
57700 -832492 85.8656 -832406 686.341 -832405 -687.967 -686.341 15827.6 -1.9196e+07 -15865.1 -15827.6 383.98 -7403.79 36601.1 0.000577701 20.1484 410.985 383.98
57800 -832490 86.1857 -832404 686.856 -832402 -688.199 -686.856 15839.5 -1.91959e+07 -15870.5 -15839.5 385.412 -8665.84 36579.2 0.000577701 19.6951 411.81 385.412
57900 -832480 82.022 -832398 686.06 -832396 -688.151 -686.06 15821.2 -1.91958e+07 -15869.4 -15821.2 366.792 -8387.27 36614.3 0.000577701 19.5224 374.095 366.792
58000 -832484 82.5759 -832402 686.093 -832400 -688.12 -686.093 15821.9 -1.91959e+07 -15868.7 -15821.9 369.269 -9178.5 36619 0.000577701 19.6768 405.236 369.269
58100 -832485 87.7596 -832397 686.975 -832396 -688.103 -686.975 15842.3 -1.91958e+07 -15868.3 -15842.3 392.45 -8251.33 36617.7 0.000577701 20.1446 412.68 392.45
58200 -832482 87.9185 -832395 685.861 -832393 -687.639 -685.861 15816.6 -1.91957e+07 -15857.6 -15816.6 393.16 -7713.32 36636.8 0.000577701 20.8237 411.295 393.16
58300 -832482 87.0493 -832395 684.325 -832392 -687.197 -684.325 15781.1 -1.91957e+07 -15847.4 -15781.1 389.273 -9039.26 36743.7 0.000577701 21.0219 424.327 389.273
58400 -832482 91.9434 -832390 687.184 -832389 -687.851 -687.184 15847.1 -1.91956e+07 -15862.5 -15847.1 411.159 -9821.82 36616.9 0.000577701 20.6911 429.79 411.159
58500 -832472 84.1065 -832388 686.023 -832386 -687.66 -686.023 15820.3 -1.91956e+07 -15858.1 -15820.3 376.113 -9640.53 36698.3 0.000577701 20.3471 392.155 376.113
58600 -832473 82.4962 -832391 685.673 -832388 -687.706 -685.673 15812.2 -1.91956e+07 -15859.1 -15812.2 368.913 -9496.53 36693.2 0.000577701 20.4857 402.238 368.913
58700 -832471 84.8213 -832386 686.411 -832384 -688.054 -686.411 15829.3 -1.91955e+07 -15867.1 -15829.3 379.31 -9373.08 36655 0.000577701 21.0192 397.556 379.31
58800 -832469 87.2918 -832382 687.01 -832381 -688.297 -687.01 15843.1 -1.91954e+07 -15872.7 -15843.1 390.358 -9603.52 36554.9 0.000577701 21.7915 408.154 390.358
58900 -832467 83.8929 -832384 685.148 -832380 -688.421 -685.148 15800.1 -1.91954e+07 -15875.6 -15800.1 375.158 -9308.23 36656.4 0.000577701 22.0077 401.452 375.158
59000 -832467 87.6372 -832380 685.708 -832377 -688.14 -685.708 15813 -1.91954e+07 -15869.1 -15813 391.902 -8512.51 36631.1 0.000577701 21.9871 413.485 391.902
59100 -832464 85.334 -832379 687.092 -832377 -688.471 -687.092 15845 -1.91954e+07 -15876.8 -15845 381.603 -7733.27 36537.2 0.000577701 21.4003 405.192 381.603
59200 -832461 84.6946 -832377 686.247 -832374 -688.431 -686.247 15825.5 -1.91953e+07 -15875.8 -15825.5 378.743 -6840.41 36564.4 0.000577701 20.902 403.561 378.743
59300 -832465 92.4199 -832373 686.236 -832371 -688.46 -686.236 15825.2 -1.91952e+07 -15876.5 -15825.2 413.29 -8237.8 36574.2 0.000577701 20.718 441.96 413.29
59400 -832458 91.7892 -832367 687.037 -832365 -688.569 -687.037 15843.7 -1.91951e+07 -15879 -15843.7 410.469 -7978.19 36545 0.000577701 20.8239 423.083 410.469
59500 -832461 89.4502 -832372 685.888 -832369 -688.365 -685.888 15817.2 -1.91952e+07 -15874.3 -15817.2 400.01 -8653.41 36517.1 0.000577701 21.0403 439.793 400.01
59600 -832455 87.1809 -832367 686.821 -832364 -689.89 -686.821 15838.7 -1.91951e+07 -15909.5 -15838.7 389.862 -9238.66 36804.6 0.000577701 20.7788 411.677 389.862
59700 -832446 85.5723 -832360 686.319 -832358 -688.324 -686.319 15827.1 -1.91949e+07 -15873.4 -15827.1 382.668 -6671.34 36580.4 0.000577701 20.6793 396.453 382.668
59800 -832455 93.1169 -832362 686.519 -832360 -688.132 -686.519 15831.8 -1.9195e+07 -15868.9 -15831.8 416.407 -5590.87 36618.8 0.000577701 20.1526 451.724 416.407
59900 -832448 90.3781 -832357 685.669 -832355 -687.692 -685.669 15812.1 -1.91949e+07 -15858.8 -15812.1 404.159 -5380.21 36720.7 0.000577701 19.939 422.446 404.159
60000 -832442 85.736 -832357 685.911 -832355 -687.706 -685.911 15817.7 -1.91949e+07 -15859.1 -15817.7 383.4 -8500.79 36719.8 0.000577701 20.08 404.345 383.4
60100 -832446 88.327 -832357 687.06 -832356 -688.147 -687.06 15844.2 -1.91949e+07 -15869.3 -15844.2 394.987 -7611.72 36624.6 0.000577701 20.572 426.791 394.987
60200 -832444 93.4165 -832351 684.436 -832348 -687.438 -684.436 15783.7 -1.91947e+07 -15852.9 -15783.7 417.746 -7351.73 36590.1 0.000577701 20.9477 438.109 417.746
60300 -832445 96.4377 -832349 684.681 -832346 -687.725 -684.681 15789.4 -1.91946e+07 -15859.6 -15789.4 431.257 -7112.67 36756.8 0.000577701 20.9856 456.371 431.257
60400 -832445 95.5788 -832350 687.245 -832349 -688.557 -687.245 15848.5 -1.91947e+07 -15878.7 -15848.5 427.416 -9327.47 36531.7 0.000577701 20.8523 462.233 427.416
60500 -832439 93.5805 -832346 686.379 -832344 -688.633 -686.379 15828.5 -1.91946e+07 -15880.5 -15828.5 418.48 -7522.08 36571.5 0.000577701 20.7722 439.771 418.48
60600 -832442 98.0361 -832344 686.402 -832341 -688.772 -686.402 15829.1 -1.91945e+07 -15883.7 -15829.1 438.405 -6254.12 36528.4 0.000577701 21.0768 469.402 438.405
60700 -832437 95.2792 -832342 686.611 -832340 -688.84 -686.611 15833.9 -1.91945e+07 -15885.3 -15833.9 426.076 -7898.5 36413.8 0.000577701 21.6686 456.672 426.076
60800 -832433 95.4943 -832338 685.093 -832335 -688.216 -685.093 15798.9 -1.91944e+07 -15870.9 -15798.9 427.038 -7370.06 36528.4 0.000577701 21.6896 455.729 427.038
60900 -832426 95.1892 -832331 686.247 -832330 -687.806 -686.247 15825.5 -1.91943e+07 -15861.4 -15825.5 425.674 -6030 36720.8 0.000577701 21.8239 442.311 425.674
61000 -832418 86.3724 -832331 685.358 -832330 -686.696 -685.358 15805 -1.91943e+07 -15835.8 -15805 386.246 -5202.32 36644.6 0.000577701 22.4227 420.823 386.246
61100 -832425 97.7719 -832327 683.868 -832324 -687.042 -683.868 15770.6 -1.91941e+07 -15843.8 -15770.6 437.223 -6206.31 36864.9 0.000577701 22.2425 461.397 437.223
61200 -832421 95.6083 -832326 686.865 -832324 -688.554 -686.865 15839.7 -1.91941e+07 -15878.7 -15839.7 427.548 -7165.05 36545.4 0.000577701 21.8359 449.101 427.548
61300 -832423 94.0557 -832329 686.658 -832327 -689.434 -686.658 15835 -1.91942e+07 -15899 -15835 420.605 -7589.28 36449.9 0.000577701 21.2157 460.519 420.605
61400 -832420 97.8498 -832322 686.539 -832319 -689.881 -686.539 15832.2 -1.9194e+07 -15909.3 -15832.2 437.571 -7711.46 36323 0.000577701 20.9723 454.673 437.571
61500 -832415 93.4426 -832321 686.991 -832318 -689.971 -686.991 15842.6 -1.9194e+07 -15911.3 -15842.6 417.863 -8605.44 36232.9 0.000577701 20.8582 441.932 417.863
61600 -832414 91.683 -832322 686.698 -832319 -689.883 -686.698 15835.9 -1.9194e+07 -15909.3 -15835.9 409.995 -7864.36 36330.4 0.000577701 20.6967 447.086 409.995
61700 -832413 95.9723 -832317 687.145 -832314 -689.534 -687.145 15846.2 -1.91939e+07 -15901.3 -15846.2 429.176 -7119.54 36401.8 0.000577701 20.9737 454.065 429.176
61800 -832410 95.9341 -832314 685.727 -832310 -688.98 -685.727 15813.5 -1.91938e+07 -15888.5 -15813.5 429.005 -9666.15 36448.6 0.000577701 21.2567 451.767 429.005
61900 -832412 96.8045 -832315 686.291 -832312 -688.761 -686.291 15826.5 -1.91939e+07 -15883.4 -15826.5 432.897 -10984.6 36756 0.000577701 21.3816 468.524 432.897
62000 -832405 94.7316 -832310 685.916 -832308 -687.925 -685.916 15817.9 -1.91938e+07 -15864.2 -15817.9 423.627 -10293.9 36688.6 0.000577701 21.8036 445.345 423.627
62100 -832407 95.9055 -832311 686.483 -832308 -688.925 -686.483 15830.9 -1.91938e+07 -15887.2 -15830.9 428.877 -8669.63 36766.6 0.000577701 21.5918 459.507 428.877
62200 -832406 95.2463 -832310 685.78 -832307 -688.981 -685.78 15814.7 -1.91938e+07 -15888.5 -15814.7 425.929 -7582.91 36569 0.000577701 21.5064 459.391 425.929
62300 -832401 93.7585 -832307 687.322 -832305 -689.473 -687.322 15850.3 -1.91937e+07 -15899.9 -15850.3 419.276 -6277.28 36380.9 0.000577701 21.2031 444.36 419.276
62400 -832404 101.251 -832303 686.787 -832300 -689.637 -686.787 15837.9 -1.91936e+07 -15903.7 -15837.9 452.783 -6031.5 36330.1 0.000577701 20.7679 471.156 452.783
62500 -832402 93.5954 -832308 686.524 -832305 -689.846 -686.524 15831.9 -1.91937e+07 -15908.5 -15831.9 418.547 -7079.95 36186.5 0.000577701 20.6624 459.13 418.547
62600 -832396 91.5903 -832304 687.349 -832302 -689.932 -687.349 15850.9 -1.91936e+07 -15910.5 -15850.9 409.58 -7899.73 36067.8 0.000577701 20.5345 434.45 409.58
62700 -832401 100.173 -832300 687.06 -832297 -689.956 -687.06 15844.2 -1.91935e+07 -15911 -15844.2 447.963 -7015.58 36077.7 0.000577701 20.1637 469.249 447.963
62800 -832397 94.3129 -832303 686.755 -832300 -690.02 -686.755 15837.2 -1.91936e+07 -15912.5 -15837.2 421.755 -8836.24 36024.4 0.000577701 20.0268 459.697 421.755
62900 -832396 100.174 -832296 687.288 -832293 -690.058 -687.288 15849.5 -1.91934e+07 -15913.4 -15849.5 447.967 -7538.1 35868.6 0.000577701 19.9029 468.63 447.967
63000 -832389 95.1059 -832294 687.145 -832291 -690.063 -687.145 15846.2 -1.91934e+07 -15913.5 -15846.2 425.301 -7882.1 35897.8 0.000577701 19.6092 453.458 425.301
63100 -832387 93.4911 -832294 686.89 -832290 -690.091 -686.89 15840.3 -1.91934e+07 -15914.1 -15840.3 418.08 -7443.47 35885 0.000577701 19.6323 453.14 418.08
63200 -832388 99.5382 -832288 687.229 -832285 -690.114 -687.229 15848.1 -1.91932e+07 -15914.7 -15848.1 445.122 -6652.87 35737.8 0.000577701 19.7258 471.594 445.122
63300 -832382 96.2415 -832286 687.173 -832283 -690.114 -687.173 15846.8 -1.91932e+07 -15914.7 -15846.8 430.379 -5853.17 35772.7 0.000577701 19.4579 454.029 430.379
63400 -832379 92.3684 -832287 686.974 -832284 -690.128 -686.974 15842.2 -1.91932e+07 -15915 -15842.2 413.06 -5864.61 35762.3 0.000577701 19.4303 446.02 413.06
63500 -832379 96.1602 -832283 687.195 -832280 -690.145 -687.195 15847.3 -1.91931e+07 -15915.4 -15847.3 430.016 -4756.49 35690 0.000577701 19.6419 453.1 430.016
63600 -832376 92.3708 -832284 687.172 -832281 -690.142 -687.172 15846.8 -1.91931e+07 -15915.3 -15846.8 413.071 -7074.59 35709.3 0.000577701 19.4849 440.505 413.071
63700 -832372 88.2747 -832283 687.027 -832280 -690.149 -687.027 15843.5 -1.91931e+07 -15915.5 -15843.5 394.753 -6652.94 35699 0.000577701 19.3996 421.633 394.753
63800 -832374 93.2295 -832281 687.187 -832278 -690.163 -687.187 15847.1 -1.91931e+07 -15915.8 -15847.1 416.91 -4923.81 35606.5 0.000577701 19.4824 441.817 416.91
63900 -832375 96.7293 -832278 687.153 -832275 -690.159 -687.153 15846.4 -1.9193e+07 -15915.7 -15846.4 432.561 -5042.58 35601.1 0.000577701 19.3021 453.002 432.561
64000 -832377 96.6969 -832281 687.059 -832278 -690.161 -687.059 15844.2 -1.91931e+07 -15915.7 -15844.2 432.416 -6073.66 35658 0.000577701 19.2507 469.967 432.416
64100 -832374 97.811 -832276 687.193 -832273 -690.173 -687.193 15847.3 -1.9193e+07 -15916 -15847.3 437.398 -4492.6 35566.1 0.000577701 19.4084 463.056 437.398
64200 -832371 98.5651 -832273 687.125 -832270 -690.167 -687.125 15845.7 -1.91929e+07 -15915.9 -15845.7 440.77 -4216.57 35586.6 0.000577701 19.2291 464.451 440.77
64300 -832373 97.8568 -832275 687.077 -832272 -690.167 -687.077 15844.6 -1.91929e+07 -15915.9 -15844.6 437.603 -4737.8 35639.8 0.000577701 19.0977 480.652 437.603
64400 -832362 95.6976 -832267 687.203 -832264 -690.177 -687.203 15847.5 -1.91928e+07 -15916.1 -15847.5 427.947 -4944.64 35573 0.000577701 19.348 441.756 427.947
64500 -832367 100.266 -832267 687.097 -832264 -690.171 -687.097 15845.1 -1.91928e+07 -15916 -15845.1 448.376 -5553.99 35572.9 0.000577701 19.3502 479.604 448.376
64600 -832357 89.6199 -832268 687.083 -832264 -690.167 -687.083 15844.7 -1.91928e+07 -15915.9 -15844.7 400.769 -4683.08 35646 0.000577701 19.2493 434.644 400.769
64700 -832358 93.2762 -832264 687.214 -832261 -690.176 -687.214 15847.8 -1.91927e+07 -15916.1 -15847.8 417.119 -4488.81 35588.9 0.000577701 19.396 439.791 417.119
64800 -832356 94.4799 -832261 687.072 -832258 -690.169 -687.072 15844.5 -1.91926e+07 -15915.9 -15844.5 422.502 -7366.61 35593.8 0.000577701 19.3839 445.792 422.502
64900 -832356 93.1763 -832263 687.076 -832260 -690.161 -687.076 15844.6 -1.91927e+07 -15915.7 -15844.6 416.672 -7648.14 35667.6 0.000577701 19.3116 448.68 416.672
65000 -832358 99.6294 -832258 687.226 -832255 -690.169 -687.226 15848.1 -1.91926e+07 -15915.9 -15848.1 445.53 -6376.3 35650.2 0.000577701 19.4956 467.897 445.53
65100 -832352 93.1574 -832259 687.049 -832256 -690.16 -687.049 15844 -1.91926e+07 -15915.7 -15844 416.588 -5599.97 35611.7 0.000577701 19.4663 445.866 416.588
65200 -832349 90.7813 -832258 687.058 -832255 -690.148 -687.058 15844.2 -1.91925e+07 -15915.4 -15844.2 405.962 -5558.92 35705.3 0.000577701 19.2561 438.35 405.962
65300 -832346 94.0964 -832252 687.244 -832249 -690.153 -687.244 15848.5 -1.91924e+07 -15915.5 -15848.5 420.787 -6854.93 35722.5 0.000577701 19.4097 441.135 420.787
65400 -832346 97.0425 -832249 687.022 -832246 -690.142 -687.022 15843.3 -1.91923e+07 -15915.3 -15843.3 433.962 -6992.74 35684.6 0.000577701 19.5411 452.501 433.962
65500 -832342 89.6808 -832252 687.022 -832249 -690.122 -687.022 15843.3 -1.91924e+07 -15914.8 -15843.3 401.041 -7320 35811.4 0.000577701 19.4665 436.513 401.041
65600 -832340 91.7499 -832248 687.269 -832245 -690.122 -687.269 15849 -1.91923e+07 -15914.8 -15849 410.294 -6810.01 35813.2 0.000577701 19.6441 435.902 410.294
65700 -832340 95.8951 -832244 686.982 -832241 -690.108 -686.982 15842.4 -1.91922e+07 -15914.5 -15842.4 428.83 -5051.22 35807.6 0.000577701 19.792 447.585 428.83
65800 -832337 91.4831 -832246 686.959 -832243 -690.071 -686.959 15841.9 -1.91923e+07 -15913.7 -15841.9 409.101 -7095.02 35931 0.000577701 19.8225 447.003 409.101
65900 -832339 99.257 -832239 687.297 -832237 -690.061 -687.297 15849.7 -1.91921e+07 -15913.4 -15849.7 443.864 -6914.04 35962.6 0.000577701 20.1304 461.137 443.864
66000 -832335 94.8955 -832240 686.912 -832237 -690.035 -686.912 15840.8 -1.91921e+07 -15912.8 -15840.8 424.36 -5801.56 35938.8 0.000577701 20.3547 453.099 424.36
66100 -832335 93.3197 -832242 686.832 -832238 -689.954 -686.832 15839 -1.91922e+07 -15911 -15839 417.314 -7414.35 36104.2 0.000577701 20.2802 453.173 417.314
66200 -832330 92.2637 -832237 687.314 -832235 -689.906 -687.314 15850.1 -1.91921e+07 -15909.9 -15850.1 412.591 -6459.74 36155.5 0.000577701 20.5257 433.716 412.591
66300 -832331 97.102 -832234 686.754 -832231 -689.833 -686.754 15837.2 -1.9192e+07 -15908.2 -15837.2 434.228 -8493.88 36164.2 0.000577701 20.8316 457.371 434.228
66400 -832326 90.646 -832236 686.445 -832233 -689.544 -686.445 15830.1 -1.9192e+07 -15901.5 -15830.1 405.357 -9374.05 36331.9 0.000577701 20.81 436.034 405.357
66500 -832327 95.1128 -832231 687.118 -832229 -689.16 -687.118 15845.6 -1.9192e+07 -15892.7 -15845.6 425.332 -7284.94 36483.7 0.000577701 21.0005 448.452 425.332
66600 -832327 98.3521 -832229 685.92 -832227 -688.372 -685.92 15817.9 -1.91919e+07 -15874.5 -15817.9 439.818 -5589 36548.4 0.000577701 21.3705 468.886 439.818
66700 -832323 95.4095 -832228 685.304 -832225 -687.964 -685.304 15803.7 -1.91919e+07 -15865.1 -15803.7 426.659 -4679.41 36796.8 0.000577701 21.6316 458.805 426.659
66800 -832323 98.1107 -832225 686.768 -832223 -687.959 -686.768 15837.5 -1.91918e+07 -15865 -15837.5 438.738 -5373.95 36710.5 0.000577701 21.3232 463.518 438.738
66900 -832320 97.7551 -832223 685.629 -832220 -688.257 -685.629 15811.2 -1.91917e+07 -15871.8 -15811.2 437.148 -5796.76 36717.8 0.000577701 20.9094 460.816 437.148
67000 -832321 95.8371 -832226 686.368 -832223 -689.356 -686.368 15828.3 -1.91918e+07 -15897.2 -15828.3 428.571 -2952.91 36492.6 0.000577701 20.9403 462.823 428.571
67100 -832323 99.9386 -832223 687.13 -832221 -689.458 -687.13 15845.8 -1.91918e+07 -15899.5 -15845.8 446.912 -4463.4 36398.6 0.000577701 20.7663 476.523 446.912
67200 -832315 95.6772 -832220 686.705 -832217 -689.399 -686.705 15836 -1.91917e+07 -15898.2 -15836 427.856 -6880.27 36453.6 0.000577701 20.633 449.007 427.856
67300 -832313 90.1513 -832223 687.065 -832220 -689.614 -687.065 15844.3 -1.91918e+07 -15903.1 -15844.3 403.145 -6430.42 36396.8 0.000577701 20.9062 440.446 403.145
67400 -832310 94.8947 -832215 686.473 -832212 -689.482 -686.473 15830.7 -1.91916e+07 -15900.1 -15830.7 424.357 -8070.85 36345.9 0.000577701 20.92 438.259 424.357
67500 -832313 98.2929 -832214 686.428 -832212 -688.908 -686.428 15829.6 -1.91916e+07 -15886.8 -15829.6 439.553 -6164.72 36556.5 0.000577701 20.8975 470.134 439.553
67600 -832308 94.2856 -832214 687.276 -832213 -688.489 -687.276 15849.2 -1.91916e+07 -15877.2 -15849.2 421.633 -7097.15 36618.9 0.000577701 21.3432 456.524 421.633
67700 -832314 102.97 -832211 685.847 -832208 -688.705 -685.847 15816.2 -1.91915e+07 -15882.2 -15816.2 460.471 -6537.04 36683 0.000577701 21.7577 488.346 460.471
67800 -832303 95.5996 -832207 687.201 -832206 -687.902 -687.201 15847.5 -1.91914e+07 -15863.6 -15847.5 427.509 -7142.03 36768 0.000577701 21.5332 453.41 427.509
67900 -832299 91.6596 -832208 686.386 -832206 -688.111 -686.386 15828.7 -1.91914e+07 -15868.5 -15828.7 409.89 -7678.46 36723.2 0.000577701 20.9022 437.206 409.89
68000 -832301 97.5258 -832204 686.171 -832201 -688.574 -686.171 15823.7 -1.91913e+07 -15879.1 -15823.7 436.123 -6984.79 36649.1 0.000577701 20.6744 457.361 436.123
68100 -832301 96.277 -832204 686.658 -832202 -689.108 -686.658 15835 -1.91913e+07 -15891.4 -15835 430.538 -8627.12 36599.7 0.000577701 20.7494 461.438 430.538
68200 -832297 92.9625 -832204 686.36 -832201 -689.158 -686.36 15828.1 -1.91913e+07 -15892.6 -15828.1 415.716 -5509.53 36443 0.000577701 20.8655 450.275 415.716
68300 -832295 97.5679 -832198 685.461 -832195 -688.014 -685.461 15807.4 -1.91912e+07 -15866.2 -15807.4 436.311 -4312.68 36665.5 0.000577701 20.6491 455.737 436.311
68400 -832296 100.041 -832196 685.95 -832194 -687.819 -685.95 15818.6 -1.91912e+07 -15861.7 -15818.6 447.368 -5665.01 36768.7 0.000577701 20.9449 472.112 447.368
68500 -832298 98.5956 -832199 685.15 -832196 -687.735 -685.15 15800.2 -1.91912e+07 -15859.8 -15800.2 440.907 -5656.04 36617.9 0.000577701 21.1718 478.219 440.907
68600 -832290 93.397 -832197 684.437 -832193 -687.907 -684.437 15783.7 -1.91911e+07 -15863.8 -15783.7 417.659 -5281.6 36759.7 0.000577701 20.9562 444.872 417.659
68700 -832290 96.5243 -832193 687.116 -832191 -689.198 -687.116 15845.5 -1.91911e+07 -15893.5 -15845.5 431.644 -6445.24 36504.8 0.000577701 20.8148 452.838 431.644
68800 -832292 97.144 -832195 686.512 -832192 -689.426 -686.512 15831.6 -1.91911e+07 -15898.8 -15831.6 434.416 -5312.99 36543.2 0.000577701 20.5464 474.679 434.416
68900 -832284 96.0163 -832188 687.121 -832186 -689.301 -687.121 15845.6 -1.9191e+07 -15895.9 -15845.6 429.372 -4955.4 36525.5 0.000577701 20.7978 443.302 429.372
69000 -832287 98.7581 -832188 684.829 -832184 -688.183 -684.829 15792.8 -1.91909e+07 -15870.1 -15792.8 441.634 -5955.45 36548.8 0.000577701 20.9856 472.756 441.634
69100 -832284 96.3931 -832188 684.728 -832185 -687.446 -684.728 15790.4 -1.91909e+07 -15853.1 -15790.4 431.058 -7250.34 36794.2 0.000577701 21.0272 469.829 431.058
69200 -832281 98.4802 -832183 685.868 -832181 -687.636 -685.868 15816.7 -1.91908e+07 -15857.5 -15816.7 440.391 -6858.16 36684.6 0.000577701 20.8344 462.582 440.391
69300 -832277 96.9808 -832180 685.134 -832177 -687.985 -685.134 15799.8 -1.91908e+07 -15865.5 -15799.8 433.685 -5256.78 36760.3 0.000577701 20.5298 457.505 433.685
69400 -832282 99.3832 -832182 686.478 -832180 -689.065 -686.478 15830.8 -1.91908e+07 -15890.5 -15830.8 444.429 -4601.68 36535.3 0.000577701 20.5846 478.244 444.429
69500 -832278 100.041 -832178 686.242 -832176 -688.757 -686.242 15825.4 -1.91907e+07 -15883.3 -15825.4 447.369 -5518.29 36578.2 0.000577701 20.1707 474.59 447.369
69600 -832272 95.2111 -832176 685.982 -832174 -688.186 -685.982 15819.4 -1.91907e+07 -15870.2 -15819.4 425.772 -6943.76 36730 0.000577701 20.1709 452.013 425.772
69700 -832275 98.2126 -832177 686.773 -832176 -688.081 -686.773 15837.6 -1.91907e+07 -15867.8 -15837.6 439.194 -5721.63 36720.7 0.000577701 20.5645 475.088 439.194
69800 -832277 103.564 -832173 685.052 -832170 -687.91 -685.052 15797.9 -1.91906e+07 -15863.8 -15797.9 463.124 -6678.15 36689.8 0.000577701 20.9248 488.399 463.124
69900 -832275 102.973 -832172 685.834 -832170 -688.374 -685.834 15816 -1.91906e+07 -15874.5 -15816 460.482 -7113.5 36687.1 0.000577701 20.7446 489.656 460.482
70000 -832278 103.624 -832174 687.171 -832172 -689.082 -687.171 15846.8 -1.91906e+07 -15890.8 -15846.8 463.392 -6401.33 36563 0.000577701 20.3596 501.011 463.392
70100 -832276 104.086 -832172 686.459 -832169 -689.461 -686.459 15830.4 -1.91906e+07 -15899.6 -15830.4 465.458 -6840.53 36482.7 0.000577701 20.1884 499.208 465.458
70200 -832270 101.223 -832169 686.914 -832166 -689.83 -686.914 15840.9 -1.91905e+07 -15908.1 -15840.9 452.655 -7158.54 36317 0.000577701 20.2977 476.963 452.655
70300 -832266 94.8615 -832171 687.076 -832169 -689.803 -687.076 15844.6 -1.91906e+07 -15907.5 -15844.6 424.208 -5701.72 36326.5 0.000577701 19.9882 462.014 424.208
70400 -832264 98.3412 -832165 686.904 -832162 -689.783 -686.904 15840.6 -1.91904e+07 -15907 -15840.6 439.769 -8363.59 36358.7 0.000577701 19.8415 458.12 439.769
70500 -832264 99.4255 -832165 687.154 -832162 -689.897 -687.154 15846.4 -1.91904e+07 -15909.6 -15846.4 444.618 -9579.54 36288.9 0.000577701 20.0702 473.732 444.618
70600 -832260 94.1443 -832166 686.653 -832162 -689.725 -686.653 15834.8 -1.91904e+07 -15905.7 -15834.8 421.001 -8070.4 36353.9 0.000577701 19.8919 455.069 421.001
70700 -832266 104.056 -832162 686.987 -832159 -689.475 -686.987 15842.5 -1.91903e+07 -15899.9 -15842.5 465.324 -8286.36 36463.9 0.000577701 19.8302 493.169 465.324
70800 -832256 97.2223 -832159 687.115 -832157 -689.37 -687.115 15845.5 -1.91903e+07 -15897.5 -15845.5 434.765 -7078.69 36465.3 0.000577701 20.2039 463.543 434.765
70900 -832258 102.428 -832155 684.979 -832152 -688.201 -684.979 15796.2 -1.91902e+07 -15870.5 -15796.2 458.043 -7063.61 36634.5 0.000577701 20.3573 488.546 458.043
71000 -832256 103.356 -832153 685.784 -832150 -688.12 -685.784 15814.8 -1.91901e+07 -15868.7 -15814.8 462.195 -7181.83 36749.3 0.000577701 20.6333 489.583 462.195
71100 -832251 98.281 -832153 686.118 -832151 -688.169 -686.118 15822.5 -1.91901e+07 -15869.8 -15822.5 439.5 -10755.5 36676.1 0.000577701 20.4572 470.991 439.5
71200 -832249 95.2713 -832153 685.362 -832150 -688.51 -685.362 15805.1 -1.91901e+07 -15877.7 -15805.1 426.041 -7632.76 36666.8 0.000577701 20.3649 461.819 426.041
71300 -832246 96.8588 -832150 687.102 -832147 -689.443 -687.102 15845.2 -1.91901e+07 -15899.2 -15845.2 433.14 -6291.09 36459.4 0.000577701 20.5228 451.782 433.14
71400 -832243 94.6665 -832148 686.807 -832146 -689.312 -686.807 15838.4 -1.919e+07 -15896.2 -15838.4 423.336 -7450.27 36511.3 0.000577701 20.2352 448.385 423.336
71500 -832247 97.6933 -832149 686.847 -832147 -689.403 -686.847 15839.3 -1.91901e+07 -15898.2 -15839.3 436.872 -8118.01 36500.3 0.000577701 20.2782 469.844 436.872
71600 -832250 101.93 -832148 686.849 -832145 -689.541 -686.849 15839.4 -1.919e+07 -15901.4 -15839.4 455.817 -6987.8 36427.1 0.000577701 20.6112 488.706 455.817
71700 -832245 101.506 -832144 685.74 -832141 -688.687 -685.74 15813.8 -1.91899e+07 -15881.7 -15813.8 453.921 -4731.94 36616.1 0.000577701 20.53 481.36 453.921
71800 -832243 99.3057 -832144 686.819 -832142 -688.401 -686.819 15838.7 -1.919e+07 -15875.1 -15838.7 444.082 -5804.74 36765 0.000577701 20.7081 481.106 444.082
71900 -832245 106.787 -832138 685.566 -832136 -687.977 -685.566 15809.8 -1.91898e+07 -15865.4 -15809.8 477.539 -7195.36 36679 0.000577701 21.0133 499.015 477.539
72000 -832244 104.962 -832139 685.24 -832136 -688.229 -685.24 15802.3 -1.91898e+07 -15871.2 -15802.3 469.375 -7054.35 36777.5 0.000577701 20.6857 503.686 469.375
72100 -832245 103.782 -832141 687.238 -832139 -689.254 -687.238 15848.3 -1.91899e+07 -15894.8 -15848.3 464.102 -6722.3 36546.3 0.000577701 20.2701 507.9 464.102
72200 -832241 105.092 -832135 686.66 -832133 -689.613 -686.66 15835 -1.91897e+07 -15903.1 -15835 469.957 -6476.32 36452.4 0.000577701 19.8922 494.318 469.957
72300 -832239 104.911 -832134 686.746 -832130 -689.965 -686.746 15837 -1.91897e+07 -15911.2 -15837 469.15 -4604.46 36305.1 0.000577701 19.8303 500.607 469.15
72400 -832234 100.955 -832133 687.303 -832130 -690.046 -687.303 15849.8 -1.91897e+07 -15913.1 -15849.8 451.46 -6583.91 36234.9 0.000577701 19.6603 483.415 451.46
72500 -832233 101.898 -832131 686.979 -832128 -690.067 -686.979 15842.4 -1.91896e+07 -15913.6 -15842.4 455.674 -6888.8 36252.2 0.000577701 19.5522 485.218 455.674
72600 -832238 109.054 -832128 687.089 -832125 -690.17 -687.089 15844.9 -1.91896e+07 -15915.9 -15844.9 487.674 -7157.79 36167 0.000577701 19.7326 523.494 487.674
72700 -832235 106.803 -832128 687.162 -832125 -690.169 -687.162 15846.6 -1.91896e+07 -15915.9 -15846.6 477.608 -6725.25 36133.7 0.000577701 19.6495 519.715 477.608
72800 -832229 105.312 -832123 687.068 -832120 -690.146 -687.068 15844.4 -1.91894e+07 -15915.4 -15844.4 470.942 -8192.78 36214.3 0.000577701 19.5883 495.311 470.942
72900 -832230 106.323 -832123 687.252 -832120 -690.194 -687.252 15848.6 -1.91894e+07 -15916.5 -15848.6 475.463 -8925.91 36144.4 0.000577701 19.866 508.634 475.463
73000 -832231 105.598 -832126 686.974 -832122 -690.148 -686.974 15842.2 -1.91895e+07 -15915.4 -15842.2 472.223 -6532.64 36163.5 0.000577701 19.8428 510.413 472.223
73100 -832230 107.297 -832123 687.109 -832120 -690.077 -687.109 15845.4 -1.91894e+07 -15913.8 -15845.4 479.819 -7289.67 36232.1 0.000577701 19.7708 514.632 479.819
73200 -832227 107.051 -832120 687.306 -832117 -690.086 -687.306 15849.9 -1.91894e+07 -15914 -15849.9 478.718 -7774.37 36213.1 0.000577701 19.9386 507.794 478.718
73300 -832223 102.297 -832121 686.629 -832117 -689.922 -686.629 15834.3 -1.91894e+07 -15910.2 -15834.3 457.458 -9901.73 36286.5 0.000577701 19.8761 496.324 457.458
73400 -832218 102.079 -832116 687.001 -832113 -689.625 -687.001 15842.9 -1.91893e+07 -15903.4 -15842.9 456.483 -8061.46 36432.7 0.000577701 19.9232 480.435 456.483
73500 -832219 104.64 -832114 687.088 -832112 -689.356 -687.088 15844.9 -1.91893e+07 -15897.2 -15844.9 467.938 -8353.51 36493.9 0.000577701 20.2273 497.846 467.938
73600 -832221 105.481 -832115 685.101 -832112 -688.238 -685.101 15799 -1.91892e+07 -15871.4 -15799 471.695 -8954.13 36697.8 0.000577701 20.2833 513.488 471.695
73700 -832219 107.874 -832111 686.002 -832109 -688.259 -686.002 15819.8 -1.91892e+07 -15871.9 -15819.8 482.397 -6971.79 36713.2 0.000577701 20.401 512.006 482.397
73800 -832222 111.222 -832110 686.774 -832108 -688.751 -686.774 15837.6 -1.91892e+07 -15883.2 -15837.6 497.37 -8421.48 36770.2 0.000577701 19.9533 536.207 497.37
73900 -832214 105.275 -832108 685.773 -832105 -688.995 -685.773 15814.6 -1.91891e+07 -15888.9 -15814.6 470.776 -8197.07 36600.8 0.000577701 19.7695 501.515 470.776
74000 -832219 111.592 -832108 687.249 -832105 -689.591 -687.249 15848.6 -1.91891e+07 -15902.6 -15848.6 499.024 -7679.64 36452.2 0.000577701 19.6133 534.486 499.024
74100 -832215 107.526 -832107 686.748 -832105 -689.404 -686.748 15837 -1.91891e+07 -15898.3 -15837 480.843 -7747.28 36514.9 0.000577701 19.2166 517.424 480.843
74200 -832224 116.191 -832108 687.055 -832106 -689.531 -687.055 15844.1 -1.91891e+07 -15901.2 -15844.1 519.591 -7014.37 36495.5 0.000577701 19.3625 566.837 519.591
74300 -832216 112.458 -832103 686.486 -832100 -689.474 -686.486 15831 -1.9189e+07 -15899.9 -15831 502.897 -7482.32 36476.1 0.000577701 19.5924 532.707 502.897
74400 -832208 107.97 -832100 685.72 -832097 -688.359 -685.72 15813.3 -1.91889e+07 -15874.2 -15813.3 482.827 -7804.21 36690.9 0.000577701 19.4616 516.783 482.827
74500 -832203 103.397 -832100 686.679 -832098 -688.256 -686.679 15835.4 -1.91889e+07 -15871.8 -15835.4 462.378 -8424.03 36780.2 0.000577701 19.8196 495.76 462.378
74600 -832204 103.956 -832100 686.701 -832097 -689.545 -686.701 15835.9 -1.91889e+07 -15901.5 -15835.9 464.879 -9166.3 36728.4 0.000577701 19.9233 499.311 464.879
74700 -832202 104.115 -832097 686.159 -832095 -689.006 -686.159 15823.5 -1.91889e+07 -15889.1 -15823.5 465.59 -9340.43 36648.8 0.000577701 19.7514 498.176 465.59
74800 -832201 103.456 -832097 687.21 -832095 -689.568 -687.21 15847.7 -1.91889e+07 -15902.1 -15847.7 462.643 -9422.79 36498.2 0.000577701 19.3529 496.521 462.643
74900 -832202 106.979 -832095 686.686 -832092 -689.867 -686.686 15835.6 -1.91888e+07 -15909 -15835.6 478.398 -11124.8 36426.1 0.000577701 19.1517 503.852 478.398
75000 -832200 105.523 -832095 687.049 -832092 -690.127 -687.049 15844 -1.91888e+07 -15914.9 -15844 471.885 -10047 36278.5 0.000577701 19.2328 505.479 471.885
75100 -832206 108.851 -832097 687.173 -832094 -690.14 -687.173 15846.8 -1.91888e+07 -15915.3 -15846.8 486.77 -7809.08 36270.9 0.000577701 18.9624 533.354 486.77
75200 -832201 108.959 -832092 687.025 -832089 -690.172 -687.025 15843.4 -1.91887e+07 -15916 -15843.4 487.252 -9923.64 36266.8 0.000577701 18.7798 514.615 487.252
75300 -832200 107.153 -832093 687.171 -832090 -690.23 -687.171 15846.8 -1.91887e+07 -15917.3 -15846.8 479.176 -9725.17 36196 0.000577701 18.8413 515.338 479.176
75400 -832205 112.271 -832092 686.959 -832089 -690.14 -686.959 15841.9 -1.91887e+07 -15915.3 -15841.9 502.062 -10795.2 36268.4 0.000577701 18.6565 537.941 502.062
75500 -832198 106.558 -832092 687.201 -832089 -690.08 -687.201 15847.5 -1.91887e+07 -15913.9 -15847.5 476.512 -11756.2 36314.7 0.000577701 18.6541 509.929 476.512
75600 -832200 109.932 -832090 686.914 -832087 -690.02 -686.914 15840.9 -1.91887e+07 -15912.5 -15840.9 491.601 -10914.7 36303 0.000577701 18.7778 530.657 491.601
75700 -832194 105.531 -832089 686.475 -832086 -689.606 -686.475 15830.7 -1.91886e+07 -15902.9 -15830.7 471.921 -11095.1 36465.2 0.000577701 18.7362 511.017 471.921
75800 -832193 109.512 -832084 687.017 -832082 -688.992 -687.017 15843.2 -1.91886e+07 -15888.8 -15843.2 489.724 -10715.6 36576.9 0.000577701 19.0218 516.299 489.724
75900 -832194 110.84 -832083 685.905 -832081 -688.32 -685.905 15817.6 -1.91885e+07 -15873.3 -15817.6 495.664 -11587.8 36713.4 0.000577701 19.449 533.103 495.664
76000 -832190 106.021 -832084 686.887 -832082 -688.097 -686.887 15840.2 -1.91886e+07 -15868.1 -15840.2 474.113 -13146.3 36741 0.000577701 19.4598 511.946 474.113
76100 -832191 108.918 -832082 686.268 -832080 -688.395 -686.268 15826 -1.91885e+07 -15875 -15826 487.068 -12150 36729.2 0.000577701 18.9704 521.13 487.068
76200 -832192 111.553 -832081 686.062 -832077 -689.445 -686.062 15821.2 -1.91885e+07 -15899.2 -15821.2 498.851 -10614.3 36546.3 0.000577701 18.9196 533.998 498.851
76300 -832197 116.138 -832081 687.07 -832078 -689.789 -687.07 15844.4 -1.91885e+07 -15907.2 -15844.4 519.355 -12879.2 36417.9 0.000577701 18.8021 562.391 519.355
76400 -832190 112.545 -832077 686.747 -832074 -689.685 -686.747 15837 -1.91884e+07 -15904.8 -15837 503.285 -13552.2 36480.4 0.000577701 18.5171 537.294 503.285
76500 -832183 106.896 -832076 687.115 -832073 -689.582 -687.115 15845.5 -1.91884e+07 -15902.4 -15845.5 478.024 -12714.4 36468 0.000577701 18.7765 508.719 478.024
76600 -832187 109.476 -832077 685.395 -832074 -688.866 -685.395 15805.8 -1.91884e+07 -15885.9 -15805.8 489.563 -14791.5 36490 0.000577701 18.8722 535.079 489.563
76700 -832191 116.933 -832074 686.841 -832072 -688.515 -686.841 15839.2 -1.91883e+07 -15877.8 -15839.2 522.907 -14349.5 36754.7 0.000577701 18.9856 557.856 522.907
76800 -832187 114.757 -832072 685.219 -832070 -687.497 -685.219 15801.8 -1.91883e+07 -15854.3 -15801.8 513.176 -12443.3 36723.3 0.000577701 19.2371 555.199 513.176
76900 -832181 110.592 -832071 685.365 -832068 -688.337 -685.365 15805.1 -1.91882e+07 -15873.7 -15805.1 494.555 -13151.6 36759.7 0.000577701 18.9618 528.66 494.555
77000 -832182 110.542 -832072 687.085 -832069 -689.681 -687.085 15844.8 -1.91883e+07 -15904.7 -15844.8 494.332 -14101.8 36543.6 0.000577701 18.5987 530.023 494.332
77100 -832187 115.213 -832072 686.882 -832069 -690.183 -686.882 15840.1 -1.91883e+07 -15916.2 -15840.1 515.217 -15048.8 36451.8 0.000577701 18.3859 556.721 515.217
77200 -832183 109.896 -832073 687.099 -832070 -690.229 -687.099 15845.1 -1.91883e+07 -15917.3 -15845.1 491.44 -15026.1 36372.4 0.000577701 18.527 532.654 491.44
77300 -832181 111.571 -832069 686.524 -832066 -689.808 -686.524 15831.9 -1.91882e+07 -15907.6 -15831.9 498.931 -15757.8 36490.9 0.000577701 18.5604 530.987 498.931
77400 -832181 114.888 -832066 686.759 -832064 -688.892 -686.759 15837.3 -1.91881e+07 -15886.5 -15837.3 513.766 -17207.9 36610.8 0.000577701 18.8354 551.15 513.766
77500 -832187 119.841 -832067 687.021 -832064 -689.506 -687.021 15843.3 -1.91882e+07 -15900.6 -15843.3 535.912 -15382.8 36790 0.000577701 19.2566 577.906 535.912
77600 -832175 109.64 -832066 687.209 -832064 -688.41 -687.209 15847.6 -1.91882e+07 -15875.4 -15847.6 490.295 -14072.9 36746.6 0.000577701 19.1463 528.288 490.295
77700 -832180 116.604 -832064 686.056 -832061 -688.794 -686.056 15821.1 -1.91881e+07 -15884.2 -15821.1 521.437 -15349.8 36677 0.000577701 18.7185 564.916 521.437
77800 -832172 110.148 -832062 686.513 -832059 -689.826 -686.513 15831.6 -1.9188e+07 -15908 -15831.6 492.568 -17404.8 36500.5 0.000577701 18.6144 526.26 492.568
77900 -832173 112.86 -832061 687.244 -832058 -690.042 -687.244 15848.5 -1.9188e+07 -15913 -15848.5 504.697 -17978.2 36396 0.000577701 18.324 539.406 504.697
78000 -832167 107.338 -832060 686.973 -832057 -690.103 -686.973 15842.2 -1.9188e+07 -15914.4 -15842.2 480.002 -16244.4 36402.5 0.000577701 18.139 513.417 480.002
78100 -832173 110.073 -832063 687.192 -832060 -690.26 -687.192 15847.3 -1.9188e+07 -15918 -15847.3 492.23 -16163.1 36312.1 0.000577701 18.2579 538.348 492.23
78200 -832169 111.226 -832058 686.966 -832055 -690.17 -686.966 15842.1 -1.91879e+07 -15915.9 -15842.1 497.389 -17380.8 36316 0.000577701 18.0719 529.048 497.389
78300 -832169 111.986 -832057 687.127 -832054 -690.016 -687.127 15845.8 -1.91879e+07 -15912.4 -15845.8 500.788 -17386.1 36417.3 0.000577701 18.0014 541.033 500.788
78400 -832166 112.329 -832054 687.183 -832051 -689.952 -687.183 15847.1 -1.91879e+07 -15910.9 -15847.1 502.321 -18108.8 36425.6 0.000577701 18.2857 535.938 502.321
78500 -832164 110.461 -832053 685.927 -832050 -689.177 -685.927 15818.1 -1.91878e+07 -15893 -15818.1 493.968 -19534 36598.9 0.000577701 18.3044 530.462 493.968
78600 -832160 108.052 -832052 687.161 -832050 -688.962 -687.161 15846.6 -1.91878e+07 -15888.1 -15846.6 483.193 -17204.4 36775.3 0.000577701 18.4675 524.353 483.193
78700 -832158 109.824 -832048 686.114 -832046 -688.609 -686.114 15822.4 -1.91877e+07 -15880 -15822.4 491.119 -14805.3 36701.5 0.000577701 18.6758 528.172 491.119
78800 -832159 112.809 -832046 686.055 -832043 -688.904 -686.055 15821.1 -1.91877e+07 -15886.7 -15821.1 504.468 -16202.3 36672.3 0.000577701 18.3832 535.081 504.468
78900 -832162 113.829 -832048 687.124 -832046 -689.756 -687.124 15845.7 -1.91877e+07 -15906.4 -15845.7 509.027 -18086.1 36507.3 0.000577701 17.989 549.289 509.027
79000 -832158 107.69 -832050 686.888 -832047 -690.119 -686.888 15840.2 -1.91877e+07 -15914.8 -15840.2 481.576 -18263.8 36427.6 0.000577701 17.6786 519.399 481.576
79100 -832159 111.056 -832048 687.132 -832045 -690.37 -687.132 15845.9 -1.91877e+07 -15920.6 -15845.9 496.63 -18627 36297.3 0.000577701 17.6315 531.805 496.63
79200 -832159 110.972 -832048 687.303 -832044 -690.432 -687.303 15849.8 -1.91877e+07 -15922 -15849.8 496.251 -18709.6 36249.8 0.000577701 17.4397 535.844 496.251
79300 -832157 110.755 -832046 687.157 -832043 -690.486 -687.157 15846.5 -1.91877e+07 -15923.2 -15846.5 495.28 -19920.1 36225.4 0.000577701 17.2686 530.499 495.28
79400 -832163 117.891 -832045 687.325 -832041 -690.548 -687.325 15850.3 -1.91876e+07 -15924.7 -15850.3 527.195 -18373.3 36155.8 0.000577701 17.2302 568.064 527.195
79500 -832156 114.475 -832041 687.253 -832038 -690.533 -687.253 15848.7 -1.91875e+07 -15924.3 -15848.7 511.919 -18559.9 36170.2 0.000577701 17.107 548.483 511.919
79600 -832154 111.32 -832042 687.269 -832039 -690.537 -687.269 15849 -1.91876e+07 -15924.4 -15849 497.807 -20009.8 36180.6 0.000577701 17.1134 543.659 497.807
79700 -832148 108.842 -832039 687.288 -832036 -690.541 -687.288 15849.5 -1.91875e+07 -15924.5 -15849.5 486.729 -19271.2 36140.6 0.000577701 17.152 517.469 486.729
79800 -832150 112.642 -832038 687.172 -832035 -690.468 -687.172 15846.8 -1.91875e+07 -15922.8 -15846.8 503.722 -18259.7 36226.4 0.000577701 17.0923 544.823 503.722
79900 -832150 113.927 -832036 687.336 -832033 -690.423 -687.336 15850.6 -1.91874e+07 -15921.8 -15850.6 509.465 -18337.6 36281.3 0.000577701 17.3006 546.572 509.465
80000 -832153 117.247 -832036 687.033 -832033 -690.336 -687.033 15843.6 -1.91874e+07 -15919.8 -15843.6 524.312 -17413.2 36318.5 0.000577701 17.5106 562.635 524.312
80100 -832154 117.878 -832036 686.907 -832033 -690.049 -686.907 15840.7 -1.91874e+07 -15913.1 -15840.7 527.133 -18245.7 36418.6 0.000577701 17.5838 572.027 527.133
80200 -832151 114.834 -832036 687.094 -832033 -689.639 -687.094 15845 -1.91874e+07 -15903.7 -15845 513.522 -17790.4 36507.2 0.000577701 17.9261 554.796 513.522
80300 -832155 121.355 -832034 685.773 -832031 -688.61 -685.773 15814.5 -1.91874e+07 -15880 -15814.5 542.684 -16739.9 36671.5 0.000577701 18.3851 583.806 542.684
80400 -832146 114.105 -832031 686.094 -832029 -688.384 -686.094 15821.9 -1.91873e+07 -15874.7 -15821.9 510.265 -15159 36759.9 0.000577701 18.7137 547.246 510.265
80500 -832141 108.92 -832033 686.758 -832030 -688.848 -686.758 15837.3 -1.91874e+07 -15885.5 -15837.3 487.075 -16326 36770.8 0.000577701 18.2996 522.675 487.075
80600 -832144 110.985 -832033 686.189 -832029 -689.537 -686.189 15824.1 -1.91873e+07 -15901.4 -15824.1 496.31 -14759.1 36621.5 0.000577701 18.1168 535.099 496.31
80700 -832143 108.993 -832034 687.354 -832031 -690.064 -687.354 15851 -1.91874e+07 -15913.5 -15851 487.404 -17277.9 36428.5 0.000577701 18.0375 528.842 487.404
80800 -832149 117.687 -832031 687.08 -832028 -690.093 -687.08 15844.7 -1.91873e+07 -15914.2 -15844.7 526.279 -19078.5 36438.8 0.000577701 17.7641 562.374 526.279
80900 -832140 109.713 -832031 687.107 -832028 -690.258 -687.107 15845.3 -1.91873e+07 -15918 -15845.3 490.624 -17477 36383.2 0.000577701 17.7399 528.095 490.624
81000 -832141 112.253 -832029 687.14 -832026 -690.28 -687.14 15846.1 -1.91873e+07 -15918.5 -15846.1 501.979 -17536.4 36336.2 0.000577701 17.7012 537.277 501.979
81100 -832148 117.61 -832030 686.984 -832027 -690.058 -686.984 15842.5 -1.91873e+07 -15913.4 -15842.5 525.935 -19693.4 36438.1 0.000577701 17.574 574.562 525.935
81200 -832143 114.628 -832028 687.349 -832026 -689.958 -687.349 15850.9 -1.91873e+07 -15911 -15850.9 512.6 -20923.3 36452.1 0.000577701 17.7529 550.46 512.6
81300 -832138 112.054 -832026 686.133 -832023 -689.453 -686.133 15822.9 -1.91872e+07 -15899.4 -15822.9 501.09 -17887.3 36498.2 0.000577701 17.8722 539.566 501.09
81400 -832142 117.883 -832024 687.096 -832022 -689.549 -687.096 15845 -1.91872e+07 -15901.6 -15845 527.155 -17331.5 36763.2 0.000577701 17.9966 563.455 527.155
81500 -832139 114.475 -832024 686.343 -832022 -688.554 -686.343 15827.7 -1.91872e+07 -15878.7 -15827.7 511.916 -18842.3 36689.5 0.000577701 18.2532 551.068 511.916
81600 -832139 114.452 -832025 685.624 -832022 -688.698 -685.624 15811.1 -1.91872e+07 -15882 -15811.1 511.813 -19733.8 36738 0.000577701 17.9279 559.733 511.813
81700 -832139 115.647 -832024 687.028 -832021 -689.829 -687.028 15843.5 -1.91872e+07 -15908.1 -15843.5 517.161 -18516.4 36498.3 0.000577701 17.7799 553.486 517.161
81800 -832141 117.691 -832023 687.198 -832020 -690.026 -687.198 15847.4 -1.91871e+07 -15912.6 -15847.4 526.299 -19185.3 36469 0.000577701 17.5129 564.162 526.299
81900 -832141 118.498 -832022 686.997 -832019 -690.222 -686.997 15842.8 -1.91871e+07 -15917.1 -15842.8 529.907 -19515.8 36430.8 0.000577701 17.4665 573.387 529.907
82000 -832139 117.262 -832022 687.303 -832019 -690.37 -687.303 15849.8 -1.91871e+07 -15920.6 -15849.8 524.382 -18575.6 36349.4 0.000577701 17.5147 566.37 524.382
82100 -832134 113.443 -832021 687.083 -832017 -690.249 -687.083 15844.8 -1.91871e+07 -15917.8 -15844.8 507.301 -17294.1 36369.1 0.000577701 17.3201 545.864 507.301
82200 -832137 115.631 -832021 687.276 -832018 -690.191 -687.276 15849.2 -1.91871e+07 -15916.4 -15849.2 517.085 -17422.4 36414.3 0.000577701 17.4259 563.112 517.085
82300 -832134 116.405 -832017 686.96 -832014 -690.088 -686.96 15841.9 -1.9187e+07 -15914.1 -15841.9 520.547 -17650.5 36420 0.000577701 17.6371 554.97 520.547
82400 -832130 112.499 -832018 686.251 -832014 -689.298 -686.251 15825.6 -1.9187e+07 -15895.8 -15825.6 503.079 -18148 36580.6 0.000577701 17.5932 543.731 503.079
82500 -832126 111.617 -832014 687.254 -832012 -688.855 -687.254 15848.7 -1.9187e+07 -15885.6 -15848.7 499.139 -18774.5 36770.2 0.000577701 17.8743 535.952 499.139
82600 -832126 111.716 -832014 686.857 -832011 -689.396 -686.857 15839.5 -1.91869e+07 -15898.1 -15839.5 499.58 -17493.3 36759.9 0.000577701 18.1649 541.653 499.58
82700 -832129 116.174 -832013 686.781 -832010 -688.994 -686.781 15837.8 -1.91869e+07 -15888.8 -15837.8 519.516 -18639.4 36661.9 0.000577701 17.7473 556.853 519.516
82800 -832129 115.254 -832014 686.887 -832011 -689.783 -686.887 15840.2 -1.91869e+07 -15907 -15840.2 515.402 -19030.3 36568.8 0.000577701 17.2962 557.446 515.402
82900 -832133 120.917 -832012 686.863 -832009 -690.257 -686.863 15839.7 -1.91869e+07 -15918 -15839.7 540.726 -18568.7 36450.7 0.000577701 17.1434 583.042 540.726
83000 -832129 118.136 -832011 687.327 -832008 -690.429 -687.327 15850.4 -1.91869e+07 -15921.9 -15850.4 528.29 -19510.9 36334.5 0.000577701 17.0352 565.59 528.29
83100 -832122 109.87 -832012 687.178 -832009 -690.45 -687.178 15847 -1.91869e+07 -15922.4 -15847 491.326 -16201.5 36327.9 0.000577701 16.8041 534.483 491.326
83200 -832124 113.624 -832010 687.187 -832007 -690.51 -687.187 15847.1 -1.91868e+07 -15923.8 -15847.1 508.11 -17031.7 36265.6 0.000577701 16.8061 545.042 508.11
83300 -832126 117.123 -832009 687.047 -832006 -690.443 -687.047 15843.9 -1.91868e+07 -15922.2 -15843.9 523.761 -17832.6 36291.9 0.000577701 16.805 564.926 523.761
83400 -832128 122.124 -832006 687.131 -832003 -690.292 -687.131 15845.9 -1.91867e+07 -15918.7 -15845.9 546.121 -19537.6 36343.1 0.000577701 16.8306 589.404 546.121
83500 -832119 114.514 -832005 686.945 -832002 -690.098 -686.945 15841.6 -1.91867e+07 -15914.3 -15841.6 512.093 -18630.9 36377.9 0.000577701 17.0069 550.646 512.093
83600 -832126 120.613 -832006 686.274 -832003 -689.438 -686.274 15826.1 -1.91867e+07 -15899.1 -15826.1 539.364 -18163.5 36484.2 0.000577701 17.0949 583.774 539.364
83700 -832124 119.071 -832005 686.461 -832003 -688.256 -686.461 15830.4 -1.91867e+07 -15871.8 -15830.4 532.47 -18414.7 36691.2 0.000577701 17.4443 581.164 532.47
83800 -832115 113.492 -832001 686.001 -831999 -688.241 -686.001 15819.8 -1.91866e+07 -15871.5 -15819.8 507.52 -18283.7 36771.3 0.000577701 17.806 540.041 507.52
83900 -832117 115.772 -832002 686.372 -832000 -688.345 -686.372 15828.3 -1.91867e+07 -15873.9 -15828.3 517.719 -19888.8 36768.4 0.000577701 17.2747 560.208 517.719
84000 -832117 116.443 -832000 686.409 -831997 -689.626 -686.409 15829.2 -1.91866e+07 -15903.4 -15829.2 520.72 -21782.9 36573.2 0.000577701 16.937 557.916 520.72
84100 -832115 112.177 -832002 687.061 -831999 -690.244 -687.061 15844.2 -1.91867e+07 -15917.7 -15844.2 501.643 -19329.2 36400.2 0.000577701 16.856 543.857 501.643
84200 -832115 113.271 -832002 687.086 -831999 -690.396 -687.086 15844.8 -1.91866e+07 -15921.2 -15844.8 506.534 -19801.7 36379.3 0.000577701 16.6454 547.614 506.534
84300 -832122 123.378 -831999 687.152 -831996 -690.296 -687.152 15846.4 -1.91866e+07 -15918.9 -15846.4 551.731 -19857.8 36409 0.000577701 16.7114 594.107 551.731
84400 -832126 130.783 -831996 686.469 -831992 -689.885 -686.469 15830.6 -1.91865e+07 -15909.4 -15830.6 584.845 -20215.6 36447 0.000577701 16.9105 630.149 584.845
84500 -832121 126.372 -831994 686.178 -831992 -688.747 -686.178 15823.9 -1.91865e+07 -15883.1 -15823.9 565.12 -20400.6 36626.6 0.000577701 17.0793 610.932 565.12
84600 -832115 120.079 -831995 686.774 -831993 -688.515 -686.774 15837.6 -1.91865e+07 -15877.8 -15837.6 536.979 -19798.2 36773.5 0.000577701 17.4865 589.887 536.979
84700 -832116 126.435 -831989 686.562 -831987 -688.696 -686.562 15832.7 -1.91864e+07 -15882 -15832.7 565.401 -17260.7 36759.7 0.000577701 17.3221 605.833 565.401
84800 -832112 123.803 -831989 686.565 -831986 -689.406 -686.565 15832.8 -1.91863e+07 -15898.3 -15832.8 553.632 -16444.3 36603.7 0.000577701 16.9449 599.557 553.632
84900 -832108 120.428 -831988 686.783 -831985 -690.125 -686.783 15837.8 -1.91863e+07 -15914.9 -15837.8 538.538 -17274.9 36465.9 0.000577701 16.6969 582.814 538.538
85000 -832108 120.519 -831987 687.202 -831984 -690.411 -687.202 15847.5 -1.91863e+07 -15921.5 -15847.5 538.944 -18307.5 36351.3 0.000577701 16.4842 580.442 538.944
85100 -832104 116.199 -831988 687.16 -831984 -690.546 -687.16 15846.5 -1.91863e+07 -15924.6 -15846.5 519.628 -19843 36292.6 0.000577701 16.3752 562.985 519.628
85200 -832110 123.962 -831986 687.284 -831983 -690.645 -687.284 15849.4 -1.91863e+07 -15926.9 -15849.4 554.34 -20468.4 36214.5 0.000577701 16.3475 605.322 554.34
85300 -832114 132.086 -831982 687.308 -831978 -690.672 -687.308 15849.9 -1.91862e+07 -15927.5 -15849.9 590.673 -19426.1 36205.8 0.000577701 16.2095 631.615 590.673
85400 -832114 130.107 -831984 687.316 -831980 -690.692 -687.316 15850.1 -1.91862e+07 -15928 -15850.1 581.824 -22289.6 36207.4 0.000577701 16.2103 635.747 581.824
85500 -832112 131.767 -831981 687.335 -831977 -690.692 -687.335 15850.6 -1.91861e+07 -15928 -15850.6 589.243 -20686.7 36244.1 0.000577701 16.2742 639.918 589.243
85600 -832111 129.541 -831981 687.306 -831978 -690.651 -687.306 15849.9 -1.91862e+07 -15927 -15849.9 579.289 -19449.6 36207.9 0.000577701 16.2436 627.126 579.289
85700 -832102 120.6 -831982 687.352 -831979 -690.621 -687.352 15850.9 -1.91862e+07 -15926.3 -15850.9 539.308 -17569.8 36224.3 0.000577701 16.3007 583.837 539.308
85800 -832110 130.408 -831979 687.18 -831976 -690.537 -687.18 15847 -1.91861e+07 -15924.4 -15847 583.168 -16455.6 36275.6 0.000577701 16.4107 632.778 583.168
85900 -832105 126.051 -831978 687.202 -831975 -690.385 -687.202 15847.5 -1.91861e+07 -15920.9 -15847.5 563.682 -18139.2 36376.4 0.000577701 16.5466 609.884 563.682
86000 -832099 122.59 -831977 687.088 -831974 -690.155 -687.088 15844.9 -1.91861e+07 -15915.6 -15844.9 548.208 -18781.6 36415.3 0.000577701 16.7267 588.917 548.208
86100 -832110 131.011 -831979 686.404 -831976 -689.453 -686.404 15829.1 -1.91861e+07 -15899.4 -15829.1 585.865 -17289.4 36557.3 0.000577701 16.8899 645.051 585.865
86200 -832113 137.796 -831975 687.272 -831973 -689.487 -687.272 15849.1 -1.9186e+07 -15900.2 -15849.1 616.205 -16481.2 36747.8 0.000577701 17.2392 664.585 616.205
86300 -832111 135.517 -831976 686.946 -831974 -689.039 -686.946 15841.6 -1.91861e+07 -15889.9 -15841.6 606.014 -18505.8 36766.4 0.000577701 17.3547 661.083 606.014
86400 -832109 134.012 -831975 686.25 -831973 -689.147 -686.25 15825.5 -1.9186e+07 -15892.4 -15825.5 599.286 -18953.2 36664.3 0.000577701 16.9218 652.529 599.286
86500 -832102 126.44 -831976 686.968 -831973 -690.072 -686.968 15842.1 -1.9186e+07 -15913.7 -15842.1 565.425 -16911.1 36520.6 0.000577701 16.667 608.663 565.425
86600 -832107 127.708 -831979 687.217 -831976 -690.371 -687.217 15847.8 -1.91861e+07 -15920.6 -15847.8 571.094 -17299.8 36414.1 0.000577701 16.4869 621.177 571.094
86700 -832114 136.359 -831978 687.19 -831975 -690.536 -687.19 15847.2 -1.91861e+07 -15924.4 -15847.2 609.782 -18606.3 36337.1 0.000577701 16.3541 669.179 609.782
86800 -832104 128.524 -831975 687.342 -831972 -690.634 -687.342 15850.7 -1.9186e+07 -15926.7 -15850.7 574.744 -17923 36261 0.000577701 16.2383 616.644 574.744
86900 -832103 127.98 -831975 687.324 -831972 -690.661 -687.324 15850.3 -1.9186e+07 -15927.3 -15850.3 572.31 -16519.4 36246.5 0.000577701 16.1471 622.615 572.31
87000 -832103 129.041 -831974 687.337 -831970 -690.688 -687.337 15850.6 -1.9186e+07 -15927.9 -15850.6 577.057 -16276.5 36257.4 0.000577701 16.1737 622.992 577.057
87100 -832113 137.01 -831976 687.333 -831973 -690.685 -687.333 15850.5 -1.9186e+07 -15927.8 -15850.5 612.691 -17667.9 36219.8 0.000577701 16.1427 666.901 612.691
87200 -832112 134.209 -831978 687.31 -831974 -690.643 -687.31 15850 -1.91861e+07 -15926.9 -15850 600.166 -17843.4 36233.1 0.000577701 16.0782 658.366 600.166
87300 -832105 130.648 -831974 687.335 -831971 -690.602 -687.335 15850.6 -1.9186e+07 -15925.9 -15850.6 584.239 -15573.9 36273.7 0.000577701 16.1808 629.534 584.239
87400 -832099 125.916 -831973 687.144 -831970 -690.482 -687.144 15846.2 -1.9186e+07 -15923.1 -15846.2 563.079 -17337.6 36323.7 0.000577701 16.26 608.18 563.079
87500 -832099 126.645 -831972 687.134 -831969 -690.252 -687.134 15845.9 -1.9186e+07 -15917.8 -15845.9 566.339 -18792.1 36421.7 0.000577701 16.3229 612.194 566.339
87600 -832102 130.041 -831972 686.859 -831969 -689.814 -686.859 15839.6 -1.9186e+07 -15907.7 -15839.6 581.529 -18251 36544.5 0.000577701 16.4741 640.95 581.529
87700 -832103 134.385 -831969 686.116 -831966 -688.817 -686.116 15822.5 -1.91859e+07 -15884.7 -15822.5 600.952 -17196.2 36690.8 0.000577701 16.7231 646.174 600.952
87800 -832100 128.874 -831971 686.412 -831969 -688.615 -686.412 15829.3 -1.9186e+07 -15880.1 -15829.3 576.306 -17549.4 36733 0.000577701 17.0078 627.866 576.306
87900 -832099 129.568 -831970 686.296 -831967 -688.856 -686.296 15826.6 -1.91859e+07 -15885.6 -15826.6 579.412 -20360.1 36746.7 0.000577701 16.5653 629.025 579.412
88000 -832101 131.189 -831969 686.616 -831966 -689.894 -686.616 15834 -1.91859e+07 -15909.6 -15834 586.658 -15971.7 36597.1 0.000577701 16.3043 632.036 586.658
88100 -832104 132.476 -831972 687.306 -831969 -690.308 -687.306 15849.9 -1.9186e+07 -15919.1 -15849.9 592.414 -16599.9 36440.3 0.000577701 16.1565 649.752 592.414
88200 -832097 127.535 -831969 687.192 -831966 -690.431 -687.192 15847.3 -1.91859e+07 -15922 -15847.3 570.32 -19857.3 36393 0.000577701 15.9972 620.727 570.32
88300 -832103 136.062 -831967 687.239 -831963 -690.558 -687.239 15848.4 -1.91858e+07 -15924.9 -15848.4 608.45 -18995.7 36330.8 0.000577701 15.9774 651.231 608.45
88400 -832100 129.582 -831970 687.291 -831967 -690.571 -687.291 15849.5 -1.91859e+07 -15925.2 -15849.5 579.476 -18115.3 36307.8 0.000577701 15.9674 634.395 579.476
88500 -832093 126.718 -831967 687.25 -831963 -690.511 -687.25 15848.6 -1.91858e+07 -15923.8 -15848.6 566.666 -18962.9 36340.3 0.000577701 15.8361 614.918 566.666
88600 -832091 128.349 -831962 687.344 -831959 -690.489 -687.344 15850.8 -1.91857e+07 -15923.3 -15850.8 573.961 -17084.7 36345 0.000577701 15.8898 617.57 573.961
88700 -832092 129.142 -831963 686.98 -831960 -690.322 -686.98 15842.4 -1.91857e+07 -15919.4 -15842.4 577.508 -15724.6 36420 0.000577701 15.9164 632.389 577.508
88800 -832090 130.249 -831959 686.898 -831956 -689.868 -686.898 15840.5 -1.91857e+07 -15909 -15840.5 582.457 -19361.9 36826.5 0.000577701 15.9837 629.314 582.457
88900 -832088 128.033 -831960 686.693 -831958 -689.031 -686.693 15835.7 -1.91857e+07 -15889.7 -15835.7 572.549 -19018.4 36663.7 0.000577701 16.2674 620.102 572.549
89000 -832087 126.84 -831960 686.779 -831958 -689.224 -686.779 15837.7 -1.91857e+07 -15894.1 -15837.7 567.212 -16541.6 36790.7 0.000577701 16.597 612.307 567.212
89100 -832085 124.951 -831961 687.079 -831959 -688.966 -687.079 15844.7 -1.91857e+07 -15888.2 -15844.7 558.763 -16819 36777 0.000577701 16.265 614.295 558.763
89200 -832087 130.384 -831957 686.507 -831954 -689.568 -686.507 15831.5 -1.91856e+07 -15902.1 -15831.5 583.059 -17387.8 36609.7 0.000577701 15.9161 624.36 583.059
89300 -832090 129.449 -831960 687.028 -831957 -690.272 -687.028 15843.5 -1.91857e+07 -15918.3 -15843.5 578.88 -18393.2 36474.4 0.000577701 15.7963 631.507 578.88
89400 -832095 139.091 -831956 687.307 -831953 -690.407 -687.307 15849.9 -1.91856e+07 -15921.4 -15849.9 621.996 -21651.4 36417 0.000577701 15.549 680.513 621.996
89500 -832083 133.06 -831950 687.206 -831947 -690.444 -687.206 15847.6 -1.91854e+07 -15922.3 -15847.6 595.027 -21381.1 36433.8 0.000577701 15.4219 637.246 595.027
89600 -832088 135.312 -831953 687.354 -831950 -690.526 -687.354 15851 -1.91855e+07 -15924.2 -15851 605.097 -20024.8 36367.8 0.000577701 15.5509 661.902 605.097
89700 -832087 133.489 -831953 687.015 -831950 -690.351 -687.015 15843.2 -1.91855e+07 -15920.1 -15843.2 596.944 -17847.4 36404.3 0.000577701 15.5598 653.028 596.944
89800 -832084 134.318 -831950 687.106 -831947 -689.996 -687.106 15845.3 -1.91854e+07 -15911.9 -15845.3 600.654 -15850.9 36530.5 0.000577701 15.6757 646.263 600.654
89900 -832085 134.309 -831951 686.817 -831948 -689.42 -686.817 15838.6 -1.91855e+07 -15898.6 -15838.6 600.611 -15824.5 36612.4 0.000577701 16.0078 655.062 600.611
90000 -832089 141.477 -831948 687.169 -831945 -690.036 -687.169 15846.7 -1.91854e+07 -15912.8 -15846.7 632.668 -18835.6 36797.5 0.000577701 16.2812 687.812 632.668
90100 -832088 141.759 -831947 687.139 -831945 -689.006 -687.139 15846 -1.91854e+07 -15889.1 -15846 633.927 -18801 36733.7 0.000577701 16.148 687.566 633.927
90200 -832086 135.075 -831951 686.169 -831948 -689.275 -686.169 15823.7 -1.91855e+07 -15895.3 -15823.7 604.036 -18312 36727.4 0.000577701 15.858 665.621 604.036
90300 -832086 137.318 -831949 687.033 -831945 -690.152 -687.033 15843.6 -1.91854e+07 -15915.5 -15843.6 614.07 -18101.2 36522.9 0.000577701 15.8359 662.983 614.07
90400 -832084 135.01 -831949 687.036 -831946 -690.105 -687.036 15843.7 -1.91854e+07 -15914.4 -15843.7 603.747 -17583.2 36533.2 0.000577701 15.4662 655.398 603.747
90500 -832083 134.444 -831949 687.1 -831946 -689.957 -687.1 15845.2 -1.91854e+07 -15911 -15845.2 601.216 -15620.4 36541.8 0.000577701 15.3718 651.452 601.216
90600 -832079 130.787 -831948 686.573 -831945 -689.62 -686.573 15833 -1.91854e+07 -15903.3 -15833 584.863 -17201.3 36557.6 0.000577701 15.5872 643.416 584.863
90700 -832086 140.397 -831946 686.845 -831943 -689.69 -686.845 15839.3 -1.91853e+07 -15904.9 -15839.3 627.836 -20403.6 36786 0.000577701 15.615 678.095 627.836
90800 -832094 146.676 -831947 686.409 -831945 -688.644 -686.409 15829.2 -1.91854e+07 -15880.7 -15829.2 655.916 -19224.3 36683.9 0.000577701 15.7222 717.563 655.916
90900 -832079 132.757 -831946 685.788 -831943 -688.821 -685.788 15814.9 -1.91854e+07 -15884.8 -15814.9 593.672 -19512.9 36773.1 0.000577701 15.4251 645.511 593.672
91000 -832079 134.565 -831944 686.896 -831941 -689.824 -686.896 15840.4 -1.91853e+07 -15908 -15840.4 601.756 -21244 36593.3 0.000577701 15.4127 646.559 601.756
91100 -832084 136.789 -831947 686.787 -831944 -689.785 -686.787 15837.9 -1.91854e+07 -15907.1 -15837.9 611.704 -22202.5 36571.9 0.000577701 15.1498 675.052 611.704
91200 -832079 137.183 -831942 687.065 -831940 -689.425 -687.065 15844.3 -1.91853e+07 -15898.8 -15844.3 613.465 -19638.8 36610.9 0.000577701 15.3053 666.857 613.465
91300 -832082 140.467 -831942 685.651 -831939 -688.566 -685.651 15811.7 -1.91853e+07 -15879 -15811.7 628.152 -17616.6 36709.9 0.000577701 15.7188 675.806 628.152
91400 -832077 133.839 -831943 686.175 -831941 -688.501 -686.175 15823.8 -1.91853e+07 -15877.4 -15823.8 598.511 -18398.2 36721.9 0.000577701 15.7929 656.727 598.511
91500 -832084 142.628 -831941 686.692 -831939 -688.894 -686.692 15835.7 -1.91853e+07 -15886.5 -15835.7 637.814 -22080.4 36730.7 0.000577701 15.3206 695.276 637.814
91600 -832078 136.676 -831941 686.447 -831938 -689.455 -686.447 15830.1 -1.91852e+07 -15899.5 -15830.1 611.196 -21840.6 36626.3 0.000577701 15.319 659.381 611.196
91700 -832086 141.461 -831945 686.529 -831941 -689.6 -686.529 15832 -1.91853e+07 -15902.8 -15832 632.595 -18694 36565.4 0.000577701 15.395 699.249 632.595
91800 -832082 142.63 -831940 686.619 -831937 -689.187 -686.619 15834.1 -1.91852e+07 -15893.3 -15834.1 637.823 -18533.3 36719.5 0.000577701 15.2453 689.632 637.823
91900 -832076 137.944 -831938 686.678 -831936 -689 -686.678 15835.4 -1.91852e+07 -15889 -15835.4 616.868 -15980.6 36689.5 0.000577701 15.5422 670.842 616.868
92000 -832070 130.563 -831940 686.474 -831936 -689.662 -686.474 15830.7 -1.91852e+07 -15904.2 -15830.7 583.863 -16144.6 36857.4 0.000577701 15.4176 634.371 583.863
92100 -832072 132.419 -831939 687.105 -831937 -689.732 -687.105 15845.3 -1.91852e+07 -15905.8 -15845.3 592.159 -19086.6 36586.5 0.000577701 15.259 648.844 592.159
92200 -832071 134.903 -831936 687.004 -831933 -689.849 -687.004 15842.9 -1.91851e+07 -15908.5 -15842.9 603.27 -19236.8 36572.1 0.000577701 14.904 647.423 603.27
92300 -832074 134.248 -831939 687.131 -831937 -690.044 -687.131 15845.9 -1.91852e+07 -15913 -15845.9 600.338 -18735.2 36553.8 0.000577701 14.9866 656.802 600.338
92400 -832071 132.319 -831939 686.798 -831936 -689.974 -686.798 15838.2 -1.91852e+07 -15911.4 -15838.2 591.713 -22154.8 36525.2 0.000577701 15.2063 647.692 591.713
92500 -832059 125.262 -831934 686.349 -831931 -689.178 -686.349 15827.8 -1.91851e+07 -15893.1 -15827.8 560.157 -22342.1 36686.4 0.000577701 15.1866 594.007 560.157
92600 -832069 129.833 -831939 686.772 -831937 -689.025 -686.772 15837.6 -1.91852e+07 -15889.5 -15837.6 580.594 -20386.8 36743.6 0.000577701 15.5147 638.296 580.594
92700 -832071 136.072 -831935 686.78 -831932 -689.761 -686.78 15837.8 -1.91851e+07 -15906.5 -15837.8 608.495 -17406.3 36848.3 0.000577701 15.3775 663.758 608.495
92800 -832064 131.538 -831933 686.928 -831930 -689.858 -686.928 15841.2 -1.9185e+07 -15908.7 -15841.2 588.222 -18035.4 36640.4 0.000577701 15.2241 633.093 588.222
92900 -832068 131.369 -831936 687.234 -831934 -690.126 -687.234 15848.2 -1.91851e+07 -15914.9 -15848.2 587.466 -19377.3 36538.4 0.000577701 14.9117 642.394 587.466
93000 -832067 133.33 -831933 687.122 -831930 -690.279 -687.122 15845.7 -1.91851e+07 -15918.5 -15845.7 596.235 -19787 36508.7 0.000577701 14.8806 647.136 596.235
93100 -832071 140.131 -831931 687.293 -831928 -690.4 -687.293 15849.6 -1.9185e+07 -15921.3 -15849.6 626.65 -18621.8 36462.5 0.000577701 15.0729 677.121 626.65
93200 -832065 133.427 -831932 686.675 -831929 -689.907 -686.675 15835.3 -1.9185e+07 -15909.9 -15835.3 596.668 -20443.3 36542.8 0.000577701 15.0423 659.526 596.668
93300 -832066 138.057 -831928 686.951 -831926 -689.138 -686.951 15841.7 -1.9185e+07 -15892.1 -15841.7 617.375 -21566.5 36699.5 0.000577701 15.2984 667.231 617.375
93400 -832062 131.437 -831930 686.845 -831928 -689.171 -686.845 15839.3 -1.9185e+07 -15892.9 -15839.3 587.771 -22534.5 36759.2 0.000577701 15.8317 636.05 587.771
93500 -832066 135.445 -831931 686.96 -831929 -689.025 -686.96 15841.9 -1.9185e+07 -15889.5 -15841.9 605.693 -20158.6 36747.9 0.000577701 15.6824 657.203 605.693
93600 -832063 130.326 -831932 686.939 -831929 -689.648 -686.939 15841.4 -1.9185e+07 -15903.9 -15841.4 582.799 -19039.4 36671 0.000577701 15.3438 638.53 582.799
93700 -832059 129.237 -831930 686.942 -831927 -690.251 -686.942 15841.5 -1.9185e+07 -15917.8 -15841.5 577.932 -19892.8 36532.3 0.000577701 15.3563 623.253 577.932
93800 -832068 136.314 -831931 687.338 -831928 -690.492 -687.338 15850.6 -1.9185e+07 -15923.4 -15850.6 609.58 -19104.3 36450.7 0.000577701 15.4396 663.621 609.58
