# Time-averaged data for fix energy_time
# TimeStep v_pe_inst
43900 -832838
44000 -832840
44100 -832841
44200 -832831
44300 -832828
44400 -832832
44500 -832824
44600 -832821
44700 -832814
44800 -832809
44900 -832807
45000 -832812
45100 -832811
45200 -832814
45300 -832804
45400 -832801
45500 -832797
45600 -832797
45700 -832804
45800 -832796
45900 -832792
46000 -832796
46100 -832792
46200 -832790
46300 -832784
46400 -832783
46500 -832783
46600 -832782
46700 -832781
46800 -832775
46900 -832770
47000 -832771
47100 -832771
47200 -832768
47300 -832760
47400 -832763
47500 -832766
47600 -832756
47700 -832757
47800 -832753
47900 -832751
48000 -832746
48100 -832747
48200 -832741
48300 -832736
48400 -832735
48500 -832742
48600 -832735
48700 -832734
48800 -832729
48900 -832729
49000 -832726
49100 -832720
49200 -832719
49300 -832715
49400 -832716
49500 -832719
49600 -832711
49700 -832708
49800 -832707
49900 -832710
50000 -832701
50100 -832699
50200 -832699
50300 -832693
50400 -832694
50500 -832696
50600 -832690
50700 -832685
50800 -832687
50900 -832682
51000 -832672
51100 -832672
51200 -832674
51300 -832665
51400 -832666
51500 -832659
51600 -832659
51700 -832658
51800 -832656
51900 -832651
52000 -832651
52100 -832649
52200 -832652
52300 -832643
52400 -832636
52500 -832636
52600 -832629
52700 -832623
52800 -832620
52900 -832616
53000 -832619
53100 -832614
53200 -832615
53300 -832607
53400 -832608
53500 -832604
53600 -832599
53700 -832593
53800 -832593
53900 -832593
54000 -832588
54100 -832581
54200 -832582
54300 -832574
54400 -832574
54500 -832571
54600 -832567
54700 -832561
54800 -832560
54900 -832559
55000 -832559
55100 -832553
55200 -832548
55300 -832548
55400 -832544
55500 -832540
55600 -832537
55700 -832536
55800 -832535
55900 -832530
56000 -832528
56100 -832530
56200 -832528
56300 -832522
56400 -832523
56500 -832523
56600 -832518
56700 -832517
56800 -832521
56900 -832508
57000 -832508
57100 -832509
57200 -832502
57300 -832499
57400 -832498
57500 -832500
57600 -832500
57700 -832492
57800 -832490
57900 -832480
58000 -832484
58100 -832485
58200 -832482
58300 -832482
58400 -832482
58500 -832472
58600 -832473
58700 -832471
58800 -832469
58900 -832467
59000 -832467
59100 -832464
59200 -832461
59300 -832465
59400 -832458
59500 -832461
59600 -832455
59700 -832446
59800 -832455
59900 -832448
60000 -832442
60100 -832446
60200 -832444
60300 -832445
60400 -832445
60500 -832439
60600 -832442
60700 -832437
60800 -832433
60900 -832426
61000 -832418
61100 -832425
61200 -832421
61300 -832423
61400 -832420
61500 -832415
61600 -832414
61700 -832413
61800 -832410
61900 -832412
62000 -832405
62100 -832407
62200 -832406
62300 -832401
62400 -832404
62500 -832402
62600 -832396
62700 -832401
62800 -832397
62900 -832396
63000 -832389
63100 -832387
63200 -832388
63300 -832382
63400 -832379
63500 -832379
63600 -832376
63700 -832372
63800 -832374
63900 -832375
64000 -832377
64100 -832374
64200 -832371
64300 -832373
64400 -832362
64500 -832367
64600 -832357
64700 -832358
64800 -832356
64900 -832356
65000 -832358
65100 -832352
65200 -832349
65300 -832346
65400 -832346
65500 -832342
65600 -832340
65700 -832340
65800 -832337
65900 -832339
66000 -832335
66100 -832335
66200 -832330
66300 -832331
66400 -832326
66500 -832327
66600 -832327
66700 -832323
66800 -832323
66900 -832320
67000 -832321
67100 -832323
67200 -832315
67300 -832313
67400 -832310
67500 -832313
67600 -832308
67700 -832314
67800 -832303
67900 -832299
68000 -832301
68100 -832301
68200 -832297
68300 -832295
68400 -832296
68500 -832298
68600 -832290
68700 -832290
68800 -832292
68900 -832284
69000 -832287
69100 -832284
69200 -832281
69300 -832277
69400 -832282
69500 -832278
69600 -832272
69700 -832275
69800 -832277
69900 -832275
70000 -832278
70100 -832276
70200 -832270
70300 -832266
70400 -832264
70500 -832264
70600 -832260
70700 -832266
70800 -832256
70900 -832258
71000 -832256
71100 -832251
71200 -832249
71300 -832246
71400 -832243
71500 -832247
71600 -832250
71700 -832245
71800 -832243
71900 -832245
72000 -832244
72100 -832245
72200 -832241
72300 -832239
72400 -832234
72500 -832233
72600 -832238
72700 -832235
72800 -832229
72900 -832230
73000 -832231
73100 -832230
73200 -832227
73300 -832223
73400 -832218
73500 -832219
73600 -832221
73700 -832219
73800 -832222
73900 -832214
74000 -832219
74100 -832215
74200 -832224
74300 -832216
74400 -832208
74500 -832203
74600 -832204
74700 -832202
74800 -832201
74900 -832202
75000 -832200
75100 -832206
75200 -832201
75300 -832200
75400 -832205
75500 -832198
75600 -832200
75700 -832194
75800 -832193
75900 -832194
76000 -832190
76100 -832191
76200 -832192
76300 -832197
76400 -832190
76500 -832183
76600 -832187
76700 -832191
76800 -832187
76900 -832181
77000 -832182
77100 -832187
77200 -832183
77300 -832181
77400 -832181
77500 -832187
77600 -832175
77700 -832180
77800 -832172
77900 -832173
78000 -832167
78100 -832173
78200 -832169
78300 -832169
78400 -832166
78500 -832164
78600 -832160
78700 -832158
78800 -832159
78900 -832162
79000 -832158
79100 -832159
79200 -832159
79300 -832157
79400 -832163
79500 -832156
79600 -832154
79700 -832148
79800 -832150
79900 -832150
80000 -832153
80100 -832154
80200 -832151
80300 -832155
80400 -832146
80500 -832141
80600 -832144
80700 -832143
80800 -832149
80900 -832140
81000 -832141
81100 -832148
81200 -832143
81300 -832138
81400 -832142
81500 -832139
81600 -832139
81700 -832139
81800 -832141
81900 -832141
82000 -832139
82100 -832134
82200 -832137
82300 -832134
82400 -832130
82500 -832126
82600 -832126
82700 -832129
82800 -832129
82900 -832133
83000 -832129
83100 -832122
83200 -832124
83300 -832126
83400 -832128
83500 -832119
83600 -832126
83700 -832124
83800 -832115
83900 -832117
84000 -832117
84100 -832115
84200 -832115
84300 -832122
84400 -832126
84500 -832121
84600 -832115
84700 -832116
84800 -832112
84900 -832108
85000 -832108
85100 -832104
85200 -832110
85300 -832114
85400 -832114
85500 -832112
85600 -832111
85700 -832102
85800 -832110
85900 -832105
86000 -832099
86100 -832110
86200 -832113
86300 -832111
86400 -832109
86500 -832102
86600 -832107
86700 -832114
86800 -832104
86900 -832103
87000 -832103
87100 -832113
87200 -832112
87300 -832105
87400 -832099
87500 -832099
87600 -832102
87700 -832103
87800 -832100
87900 -832099
88000 -832101
88100 -832104
88200 -832097
88300 -832103
88400 -832100
88500 -832093
88600 -832091
88700 -832092
88800 -832090
88900 -832088
89000 -832087
89100 -832085
89200 -832087
89300 -832090
89400 -832095
89500 -832083
89600 -832088
89700 -832087
89800 -832084
89900 -832085
90000 -832089
90100 -832088
90200 -832086
90300 -832086
90400 -832084
90500 -832083
90600 -832079
90700 -832086
90800 -832094
90900 -832079
91000 -832079
91100 -832084
91200 -832079
91300 -832082
91400 -832077
91500 -832084
91600 -832078
91700 -832086
91800 -832082
91900 -832076
92000 -832070
92100 -832072
92200 -832071
92300 -832074
92400 -832071
92500 -832059
92600 -832069
92700 -832071
92800 -832064
92900 -832068
93000 -832067
93100 -832071
93200 -832065
93300 -832066
93400 -832062
93500 -832066
93600 -832063
93700 -832059
93800 -832068
