# Time-averaged data for fix adsorption_analysis
# TimeStep c_avg_site_ca c_avg_site_p c_avg_site_o c_avg_site_h c_count_strong_sites c_count_medium_sites c_count_weak_sites
43900 0 0 2 0 0 0 1
44000 0 0 2 0 0 0 1
44100 0 0 2 0 0 0 1
44200 0 0 2 0 0 0 1
44300 0 0 2 0 0 0 1
44400 0 0 2 0 0 0 1
44500 0 0 2 0 0 0 1
44600 0 0 2 0 0 0 1
44700 0 0 2 0 0 0 1
44800 0 0 2 0 0 0 1
44900 0 0 2 0 0 0 1
45000 0 0 2 0 0 0 1
45100 0 0 2 0 0 0 1
45200 0 0 2 0 0 0 1
45300 0 0 2 0 0 0 1
45400 0 0 2 0 0 0 1
45500 0 0 2 0 0 0 1
45600 0 0 2 0 0 0 1
45700 0 0 2 0 0 0 1
45800 0 0 2 0 0 0 1
45900 0 0 2 0 0 0 1
46000 0 0 2 0 0 0 1
46100 0 0 2 0 0 0 1
46200 0 0 2 0 0 0 1
46300 0 0 2 0 0 0 1
46400 0 0 2 0 0 0 1
46500 0 0 2 0 0 0 1
46600 0 0 2 0 0 0 1
46700 0 0 2 0 0 0 1
46800 0 0 2 0 0 0 1
46900 0 0 2 0 0 0 1
47000 0 0 2 0 0 0 1
47100 0 0 2 0 0 0 1
47200 0 0 2 0 0 0 1
47300 0 0 2 0 0 0 1
47400 0 0 2 0 0 0 1
47500 0 0 2 0 0 0 1
47600 0 0 2 0 0 0 1
47700 0 0 2 0 0 0 1
47800 0 0 2 0 0 0 1
47900 0 0 2 0 0 0 1
48000 0 0 2 0 0 0 1
48100 0 0 2 0 0 0 1
48200 0 0 2 0 0 0 1
48300 0 0 2 0 0 0 1
48400 0 0 2 0 0 0 1
48500 0 0 2 0 0 0 1
48600 0 0 2 0 0 0 1
48700 0 0 2 0 0 0 1
48800 0 0 2 0 0 0 1
48900 0 0 2 0 0 0 1
49000 0 0 2 0 0 0 1
49100 0 0 2 0 0 0 1
49200 0 0 2 0 0 0 1
49300 0 0 2 0 0 0 1
49400 0 0 2 0 0 0 1
49500 0 0 2 0 0 0 1
49600 0 0 2 0 0 0 1
49700 0 0 2 0 0 0 1
49800 0 0 2 0 0 0 1
49900 0 0 2 0 0 0 1
50000 0 0 2 0 0 0 1
50100 0 0 2 0 0 0 1
50200 0 0 2 0 0 0 1
50300 0 0 2 0 0 0 1
50400 0 0 2 0 0 0 1
50500 0 0 2 0 0 0 1
50600 0 0 2 0 0 0 1
50700 0 0 2 0 0 0 1
50800 0 0 2 0 0 0 1
50900 0 0 2 0 0 0 1
51000 0 0 2 0 0 0 1
51100 0 0 2 0 0 0 1
51200 0 0 2 0 0 0 1
51300 0 0 2 0 0 0 1
51400 0 0 2 0 0 0 1
51500 0 0 2 0 0 0 1
51600 0 0 2 0 0 0 1
51700 0 0 2 0 0 0 1
51800 0 0 2 0 0 0 1
51900 0 0 2 0 0 0 1
52000 0 0 2 0 0 0 1
52100 0 0 2 0 0 0 1
52200 0 0 2 0 0 0 1
52300 0 0 2 0 0 0 1
52400 0 0 2 0 0 0 1
52500 0 0 2 0 0 0 1
52600 0 0 2 0 0 0 1
52700 0 0 2 0 0 0 1
52800 0 0 2 0 0 0 1
52900 0 0 2 0 0 0 1
53000 0 0 2 0 0 0 1
53100 0 0 2 0 0 0 1
53200 0 0 2 0 0 0 1
53300 0 0 2 0 0 0 1
53400 0 0 2 0 0 0 1
53500 0 0 2 0 0 0 1
53600 0 0 2 0 0 0 1
53700 0 0 2 0 0 0 1
53800 0 0 2 0 0 0 1
53900 0 0 2 0 0 0 1
54000 0 0 2 0 0 0 1
54100 0 0 2 0 0 0 1
54200 0 0 1 0 0 0 1
54300 0 0 1 0 0 0 1
54400 0 0 1 0 0 0 1
54500 0 0 1 0 0 0 1
54600 0 0 1 0 0 0 1
54700 0 0 1 0 0 0 1
54800 0 0 1 0 0 0 1
54900 0 0 1 0 0 0 1
55000 0 0 1 0 0 0 1
55100 0 0 1 0 0 0 1
55200 0 0 1 0 0 0 1
55300 0 0 1 0 0 0 1
55400 0 0 0 0 0 0 0
55500 0 0 0 0 0 0 0
55600 0 0 1 0 0 0 1
55700 0 0 1 0 0 0 1
55800 0 0 1 0 0 0 1
55900 0 0 1 0 0 0 1
56000 0 0 1 0 0 0 1
56100 0 0 1 0 0 0 1
56200 0 0 1 0 0 0 1
56300 0 0 1 0 0 0 1
56400 0 0 1 0 0 0 1
56500 0 0 1 0 0 0 1
56600 0 0 1 0 0 0 1
56700 0 0 0 0 0 0 0
56800 0 0 0 0 0 0 0
56900 0 0 0 0 0 0 0
57000 0 0 0 0 0 0 0
57100 0 0 0 0 0 0 0
57200 0 0 0 0 0 0 0
57300 0 0 0 0 0 0 0
57400 0 0 0 0 0 0 0
57500 0 0 0 0 0 0 0
57600 0 0 0 0 0 0 0
57700 0 0 0 0 0 0 0
57800 0 0 0 0 0 0 0
57900 0 0 0 0 0 0 0
58000 0 0 0 0 0 0 0
58100 0 0 0 0 0 0 0
58200 0 0 0 0 0 0 0
58300 0 0 0 0 0 0 0
58400 0 0 0 0 0 0 0
58500 0 0 0 0 0 0 0
58600 0 0 0 0 0 0 0
58700 0 0 0 0 0 0 0
58800 0 0 0 0 0 0 0
58900 0 0 0 0 0 0 0
59000 0 0 0 0 0 0 0
59100 0 0 0 0 0 0 0
59200 0 0 0 0 0 0 0
59300 0 0 0 0 0 0 0
59400 0 0 0 0 0 0 0
59500 0 0 0 0 0 0 0
59600 0 0 0 0 0 0 0
59700 0 0 0 0 0 0 0
59800 0 0 0 0 0 0 0
59900 0 0 0 0 0 0 0
60000 0 0 0 0 0 0 0
60100 0 0 0 0 0 0 0
60200 0 0 0 0 0 0 0
60300 0 0 0 0 0 0 0
60400 0 0 0 0 0 0 0
60500 0 0 0 0 0 0 0
60600 0 0 0 0 0 0 0
60700 0 0 0 0 0 0 0
60800 0 0 0 0 0 0 0
60900 0 0 0 0 0 0 0
61000 0 0 0 0 0 0 0
61100 0 0 0 0 0 0 0
61200 0 0 0 0 0 0 0
61300 0 0 0 0 0 0 0
61400 0 0 0 0 0 0 0
61500 0 0 0 0 0 0 0
61600 0 0 0 0 0 0 0
61700 0 0 0 0 0 0 0
61800 0 0 0 0 0 0 0
61900 0 0 0 0 0 0 0
62000 0 0 0 0 0 0 0
62100 0 0 0 0 0 0 0
62200 0 0 0 0 0 0 0
62300 0 0 0 0 0 0 0
62400 0 0 0 0 0 0 0
62500 0 0 0 0 0 0 0
62600 0 0 0 0 0 0 0
62700 0 0 0 0 0 0 0
62800 0 0 0 0 0 0 0
62900 0 0 0 0 0 0 0
63000 0 0 0 0 0 0 0
63100 0 0 0 0 0 0 0
63200 0 0 0 0 0 0 0
63300 0 0 0 0 0 0 0
63400 0 0 0 0 0 0 0
63500 0 0 0 0 0 0 0
63600 0 0 0 0 0 0 0
63700 0 0 0 0 0 0 0
63800 0 0 0 0 0 0 0
63900 0 0 0 0 0 0 0
64000 0 0 0 0 0 0 0
64100 0 0 0 0 0 0 0
64200 0 0 0 0 0 0 0
64300 0 0 0 0 0 0 0
64400 0 0 0 0 0 0 0
64500 0 0 0 0 0 0 0
64600 0 0 0 0 0 0 0
64700 0 0 0 0 0 0 0
64800 0 0 0 0 0 0 0
64900 0 0 0 0 0 0 0
65000 0 0 0 0 0 0 0
65100 0 0 0 0 0 0 0
65200 0 0 0 0 0 0 0
65300 0 0 0 0 0 0 0
65400 0 0 0 0 0 0 0
65500 0 0 0 0 0 0 0
65600 0 0 0 0 0 0 0
65700 0 0 0 0 0 0 0
65800 0 0 0 0 0 0 0
65900 0 0 0 0 0 0 0
66000 0 0 0 0 0 0 0
66100 0 0 0 0 0 0 0
66200 0 0 0 0 0 0 0
66300 0 0 0 0 0 0 0
66400 0 0 0 0 0 0 0
66500 0 0 0 0 0 0 0
66600 0 0 0 0 0 0 0
66700 0 0 0 0 0 0 0
66800 0 0 0 0 0 0 0
66900 0 0 0 0 0 0 0
67000 0 0 1 0 0 0 1
67100 0 0 1 0 0 0 1
67200 0 0 1 0 0 0 1
67300 0 0 1 0 0 0 1
67400 0 0 1 0 0 0 1
67500 0 0 1 0 0 0 1
67600 0 0 1 0 0 0 1
67700 0 0 1 0 0 0 1
67800 0 0 1 0 0 0 1
67900 0 0 1 0 0 0 1
68000 0 0 1 0 0 0 1
68100 0 0 1 0 0 0 1
68200 0 0 2 0 0 0 1
68300 0 0 2 0 0 0 1
68400 0 0 1.3 0 0 0 1
68500 0 0 1 0 0 0 1
68600 0 0 1 0 0 0 1
68700 0 0 1 0 0 0 1
68800 0 0 1 0 0 0 1
68900 0 0 1 0 0 0 1
69000 0 0 1 0 0 0 1
69100 0 0 1 0 0 0 1
69200 0 0 1 0 0 0 1
69300 0 0 1 0 0 0 1
69400 0 0 1 0 0 0 1
69500 0 0 1 0 0 0 1
69600 0 0 1 0 0 0 1
69700 0 0 1 0 0 0 1
69800 0 0 1 0 0 0 1
69900 0 0 1 0 0 0 1
70000 0 0 1 0 0 0 1
70100 0 0 1 0 0 0 1
70200 0 0 1 0 0 0 1
70300 0 0 1 0 0 0 1
70400 0 0 1 0 0 0 1
70500 0 0 1 0 0 0 1
70600 0 0 0 0 0 0 0
70700 0 0 0 0 0 0 0
70800 0 0 0 0 0 0 0
70900 0 0 0 0 0 0 0
71000 0 0 0 0 0 0 0
71100 0 0 0 0 0 0 0
71200 0 0 0 0 0 0 0
71300 0 0 0 0 0 0 0
71400 0 0 0 0 0 0 0
71500 0 0 0 0 0 0 0
71600 0 0 0 0 0 0 0
71700 0 0 0 0 0 0 0
71800 0 0 0 0 0 0 0
71900 0 0 0 0 0 0 0
72000 0 0 0 0 0 0 0
72100 0 0 0 0 0 0 0
72200 0 0 0 0 0 0 0
72300 0 0 0 0 0 0 0
72400 0 0 0 0 0 0 0
72500 0 0 0 0 0 0 0
72600 0 0 0 0 0 0 0
72700 0 0 0 0 0 0 0
72800 0 0 0 0 0 0 0
72900 0 0 0 0 0 0 0
73000 0 0 0 0 0 0 0
73100 0 0 0 0 0 0 0
73200 0 0 0 0 0 0 0
73300 0 0 0 0 0 0 0
73400 0 0 0 0 0 0 0
73500 0 0 0 0 0 0 0
73600 0 0 0 0 0 0 0
73700 0 0 0 0 0 0 0
73800 0 0 0 0 0 0 0
73900 0 0 0 0 0 0 0
74000 0 0 0 0 0 0 0
74100 0 0 0 0 0 0 0
74200 0 0 0 0 0 0 0
74300 0 0 0 0 0 0 0
74400 0 0 0 0 0 0 0
74500 0 0 0 0 0 0 0
74600 0 0 0 0 0 0 0
74700 0 0 0 0 0 0 0
74800 0 0 0 0 0 0 0
74900 0 0 0 0 0 0 0
75000 0 0 0 0 0 0 0
75100 0 0 0 0 0 0 0
75200 0 0 0 0 0 0 0
75300 0 0 0 0 0 0 0
75400 0 0 0 0 0 0 0
75500 0 0 0 0 0 0 0
75600 0 0 0 0 0 0 0
75700 0 0 0 0 0 0 0
75800 0 0 0 0 0 0 0
75900 0 0 0 0 0 0 0
76000 0 0 0 0 0 0 0
76100 0 0 0 0 0 0 0
76200 0 0 0 0 0 0 0
76300 0 0 0 0 0 0 0
76400 0 0 0 0 0 0 0
76500 0 0 0 0 0 0 0
76600 0 0 0 0 0 0 0
76700 0 0 0 0 0 0 0
76800 0 0 0 0 0 0 0
76900 0 0 0 0 0 0 0
77000 0 0 0 0 0 0 0
77100 0 0 0 0 0 0 0
77200 0 0 0 0 0 0 0
77300 0 0 0 0 0 0 0
77400 0 0 0 0 0 0 0
77500 0 0 0 0 0 0 0
77600 0 0 0 0 0 0 0
77700 0 0 0 0 0 0 0
77800 0 0 0 0 0 0 0
77900 0 0 0 0 0 0 0
78000 0 0 0 0 0 0 0
78100 0 0 0 0 0 0 0
78200 0 0 0 0 0 0 0
78300 0 0 0 0 0 0 0
78400 0 0 0 0 0 0 0
78500 0 0 0 0 0 0 0
78600 0 0 0 0 0 0 0
78700 0 0 0 0 0 0 0
78800 0 0 0 0 0 0 0
78900 0 0 0 0 0 0 0
79000 0 0 0 0 0 0 0
79100 0 0 0 0 0 0 0
79200 0 0 0 0 0 0 0
79300 0 0 0 0 0 0 0
79400 0 0 0 0 0 0 0
79500 0 0 0 0 0 0 0
79600 0 0 0 0 0 0 0
79700 0 0 0 0 0 0 0
79800 0 0 0 0 0 0 0
79900 0 0 0 0 0 0 0
80000 0 0 0 0 0 0 0
80100 0 0 0 0 0 0 0
80200 0 0 0 0 0 0 0
80300 0 0 0 0 0 0 0
80400 0 0 0 0 0 0 0
80500 0 0 0 0 0 0 0
80600 0 0 0 0 0 0 0
80700 0 0 0 0 0 0 0
80800 0 0 0 0 0 0 0
80900 0 0 0 0 0 0 0
81000 0 0 0 0 0 0 0
81100 0 0 0 0 0 0 0
81200 0 0 0 0 0 0 0
81300 0 0 0 0 0 0 0
81400 0 0 0 0 0 0 0
81500 0 0 0 0 0 0 0
81600 0 0 0 0 0 0 0
81700 0 0 0 0 0 0 0
81800 0 0 0 0 0 0 0
81900 0 0 0 0 0 0 0
82000 0 0 0 0 0 0 0
82100 0 0 0 0 0 0 0
82200 0 0 0 0 0 0 0
82300 0 0 0 0 0 0 0
82400 0 0 0 0 0 0 0
82500 0 0 0 0 0 0 0
82600 0 0 0 0 0 0 0
82700 0 0 0 0 0 0 0
82800 0 0 0 0 0 0 0
82900 0 0 0 0 0 0 0
83000 0 0 0 0 0 0 0
83100 0 0 0 0 0 0 0
83200 0 0 0 0 0 0 0
83300 0 0 0 0 0 0 0
83400 0 0 0 0 0 0 0
83500 0 0 0 0 0 0 0
83600 0 0 0 0 0 0 0
83700 0 0 0 0 0 0 0
83800 0 0 0 0 0 0 0
83900 0 0 0 0 0 0 0
84000 0 0 0 0 0 0 0
84100 0 0 0 0 0 0 0
84200 0 0 0 0 0 0 0
84300 0 0 0 0 0 0 0
84400 0 0 0 0 0 0 0
84500 0 0 0 0 0 0 0
84600 0 0 0 0 0 0 0
84700 0 0 0 0 0 0 0
84800 0 0 0 0 0 0 0
84900 0 0 0 0 0 0 0
85000 0 0 0 0 0 0 0
85100 0 0 0 0 0 0 0
85200 0 0 0 0 0 0 0
85300 0 0 0 0 0 0 0
85400 0 0 0 0 0 0 0
85500 0 0 0 0 0 0 0
85600 0 0 0 0 0 0 0
85700 0 0 0 0 0 0 0
85800 0 0 0 0 0 0 0
85900 0 0 0 0 0 0 0
86000 0 0 0 0 0 0 0
86100 0 0 0 0 0 0 0
86200 0 0 0 0 0 0 0
86300 0 0 0 0 0 0 0
86400 0 0 0 0 0 0 0
86500 0 0 0 0 0 0 0
86600 0 0 0 0 0 0 0
86700 0 0 0 0 0 0 0
86800 0 0 0 0 0 0 0
86900 0 0 0 0 0 0 0
87000 0 0 0 0 0 0 0
87100 0 0 0 0 0 0 0
87200 0 0 0 0 0 0 0
87300 0 0 0 0 0 0 0
87400 0 0 0 0 0 0 0
87500 0 0 0 0 0 0 0
87600 0 0 0 0 0 0 0
87700 0 0 0 0 0 0 0
87800 0 0 0 0 0 0 0
87900 0 0 0 0 0 0 0
88000 0 0 0 0 0 0 0
88100 0 0 0 0 0 0 0
88200 0 0 0 0 0 0 0
88300 0 0 0 0 0 0 0
88400 0 0 0 0 0 0 0
88500 0 0 0 0 0 0 0
88600 0 0 0 0 0 0 0
88700 0 0 0 0 0 0 0
88800 0 0 0 0 0 0 0
88900 0 0 0 0 0 0 0
89000 0 0 0 0 0 0 0
89100 0 0 0 0 0 0 0
89200 0 0 0 0 0 0 0
89300 0 0 0 0 0 0 0
89400 0 0 0 0 0 0 0
89500 0 0 0 0 0 0 0
89600 0 0 0 0 0 0 0
89700 0 0 0 0 0 0 0
89800 0 0 0 0 0 0 0
89900 0 0 0 0 0 0 0
90000 0 0 0 0 0 0 0
90100 0 0 0 0 0 0 0
90200 0 0 0 0 0 0 0
90300 0 0 0 0 0 0 0
90400 0 0 0 0 0 0 0
90500 0 0 0 0 0 0 0
90600 0 0 0 0 0 0 0
90700 0 0 0 0 0 0 0
90800 0 0 0 0 0 0 0
90900 0 0 0 0 0 0 0
91000 0 0 0 0 0 0 0
91100 0 0 0 0 0 0 0
91200 0 0 0 0 0 0 0
91300 0 0 0 0 0 0 0
91400 0 0 0 0 0 0 0
91500 0 0 0 0 0 0 0
91600 0 0 0 0 0 0 0
91700 0 0 0 0 0 0 0
91800 0 0 0 0 0 0 0
91900 0 0 1 0 0 0 1
92000 0 0 1 0 0 0 1
92100 0 0 1 0 0 0 1
92200 0 0 1 0 0 0 1
92300 0 0 1 0 0 0 1
92400 0 0 1 0 0 0 1
92500 0 0 1 0 0 0 1
92600 0 0 1 0 0 0 1
92700 0 0 1 0 0 0 1
92800 0 0 1 0 0 0 1
92900 0 0 2 0 0 0 1
93000 0 0 2 0 0 0 1
93100 0 0 2 0 0 0 1
93200 0 0 2 0 0 0 1
93300 0 0 2 0 0 0 1
93400 0 0 2 0 0 0 1
93500 0 0 2 0 0 0 1
93600 0 0 1 0 0 0 1
93700 0 0 1 0 0 0 1
93800 0 0 1 0 0 0 1
