# Time-averaged data for fix co2_chemical
# TimeStep c_coord_avg_short c_coord_avg_medium c_coord_avg_long c_coord_avg_extended c_coord_avg_CH c_coord_avg_CH_close c_count_molecular c_count_polarized c_count_carbonate c_count_bicarbonate
43900 2 2 2 2 0 0 1 0 0 0
44000 2 2 2 2 0 0 1 0 0 0
44100 1 2 2 2 0 0 0 1 0 0
44200 1 2 2 2 0 0 0 1 0 0
44300 1 2 2 2 0 0 0 1 0 0
44400 2 2 2 2 0 0 1 0 0 0
44500 2 2 2 2 0 0 1 0 0 0
44600 2 2 2 2 0 0 1 0 0 0
44700 2 2 2 2 0 0 1 0 0 0
44800 2 2 2 2 0 0 1 0 0 0
44900 2 2 2 2 0 0 1 0 0 0
45000 2 2 2 2 0 0 1 0 0 0
45100 2 2 2 2 0 0 1 0 0 0
45200 2 2 2 2 0 0 1 0 0 0
45300 2 2 2 2 0 0 1 0 0 0
45400 2 2 2 2 0 0 1 0 0 0
45500 2 2 2 2 0 0 1 0 0 0
45600 2 2 2 2 0 0 1 0 0 0
45700 2 2 2 2 0 0 1 0 0 0
45800 2 2 2 2 0 0 1 0 0 0
45900 2 2 2 2 0 0 1 0 0 0
46000 2 2 2 2 0 0 1 0 0 0
46100 2 2 2 2 0 0 1 0 0 0
46200 1 2 2 2 0 0 0 1 0 0
46300 1 2 2 2 0 0 0 1 0 0
46400 2 2 2 2 0 0 1 0 0 0
46500 2 2 2 2 0 0 1 0 0 0
46600 2 2 2 2 0 0 1 0 0 0
46700 2 2 2 2 0 0 1 0 0 0
46800 2 2 2 2 0 0 1 0 0 0
46900 2 2 2 2 0 0 1 0 0 0
47000 1 2 2 2 0 0 0 1 0 0
47100 2 2 2 2 0 0 1 0 0 0
47200 2 2 2 2 0 0 1 0 0 0
47300 2 2 2 2 0 0 1 0 0 0
47400 2 2 2 2 0 0 1 0 0 0
47500 2 2 2 2 0 0 1 0 0 0
47600 2 2 2 2 0 0 1 0 0 0
47700 2 2 2 2 0 0 1 0 0 0
47800 2 2 2 2 0 0 1 0 0 0
47900 2 2 2 2 0 0 1 0 0 0
48000 2 2 2 2 0 0 1 0 0 0
48100 2 2 2 2 0 0 1 0 0 0
48200 2 2 2 2 0 0 1 0 0 0
48300 2 2 2 2 0 0 1 0 0 0
48400 2 2 2 2 0 0 1 0 0 0
48500 2 2 2 2 0 0 1 0 0 0
48600 2 2 2 2 0 0 1 0 0 0
48700 2 2 2 2 0 0 1 0 0 0
48800 2 2 2 2 0 0 1 0 0 0
48900 2 2 2 2 0 0 1 0 0 0
49000 1 2 2 2 0 0 0 1 0 0
49100 2 2 2 2 0 0 1 0 0 0
49200 2 2 2 2 0 0 1 0 0 0
49300 2 2 2 2 0 0 1 0 0 0
49400 2 2 2 2 0 0 1 0 0 0
49500 1 2 2 2 0 0 0 1 0 0
49600 1 2 2 2 0 0 0 1 0 0
49700 1 2 2 2 0 0 0 1 0 0
49800 2 2 2 2 0 0 1 0 0 0
49900 2 2 2 2 0 0 1 0 0 0
50000 1 2 2 2 0 0 0 1 0 0
50100 1 2 2 2 0 0 0 1 0 0
50200 1 2 2 2 0 0 0 1 0 0
50300 1 2 2 2 0 0 0 1 0 0
50400 1 1 2 2 0 0 0 0 0 0
50500 1 1 2 2 0 0 0 0 0 0
50600 1 1 2 2 0 0 0 0 0 0
50700 1 1 2 2 0 0 0 0 0 0
50800 1 1 2 2 0 0 0 0 0 0
50900 1 1 2 2 0 0 0 0 0 0
51000 1 1 2 2 0 0 0 0 0 0
51100 1 1 2 2 0 0 0 0 0 0
51200 1 1 2 2 0 0 0 0 0 0
51300 1 1 2 2 0 0 0 0 0 0
51400 1 2 2 2 0 0 0 1 0 0
51500 1 2 2 2 0 0 0 1 0 0
51600 1 2 2 2 0 0 0 1 0 0
51700 1 1 2 2 0 0 0 0 0 0
51800 1 1 2 2 0 0 0 0 0 0
51900 1 1 2 2 0 0 0 0 0 0
52000 1 1 2 2 0 0 0 0 0 0
52100 1 1 2 2 0 0 0 0 0 0
52200 1 1 1 2 0 0 0 0 0 0
52300 1 1 1 2 0 0 0 0 0 0
52400 1 1 1 2 0 0 0 0 0 0
52500 1 1 1 2 0 0 0 0 0 0
52600 1 1 1 2 0 0 0 0 0 0
52700 1 1 1 2 0 0 0 0 0 0
52800 1 1 1 2 0 0 0 0 0 0
52900 1 1 2 2 0 0 0 0 0 0
53000 1 1 2 2 0 0 0 0 0 0
53100 1 2 2 2 0 0 0 1 0 0
53200 1 2 2 2 0 0 0 1 0 0
53300 1 2 2 2 0 0 0 1 0 0
53400 1 2 2 2 0 0 0 1 0 0
53500 1 1 2 2 0 0 0 0 0 0
53600 1 1 2 2 0 0 0 0 0 0
53700 1 1 1 2 0 0 0 0 0 0
53800 1 1 1 2 0 0 0 0 0 0
53900 1 1 1 2 0 0 0 0 0 0
54000 1 1 1 2 0 0 0 0 0 0
54100 1 1 1 2 0 0 0 0 0 0
54200 1 1 1 1 0 0 0 0 0 0
54300 1 1 1 1 0 0 0 0 0 0
54400 1 1 1 1 0 0 0 0 0 0
54500 1 1 1 1 0 0 0 0 0 0
54600 1 1 1 1 0 0 0 0 0 0
54700 1 1 1 1 0 0 0 0 0 0
54800 1 1 1 1 0 0 0 0 0 0
54900 1 1 1 1 0 0 0 0 0 0
55000 0 1 1 1 0 0 0 1 0 0
55100 0 0 1 1 0 0 0 0 0 0
55200 0 0 0.6 1 0 0 0 0 0 0
55300 0 0 0 1 0 0 0 0 0 0
55400 0 0 0 0 0 0 0 0 0 0
55500 0 0 0 0 0 0 0 0 0 0
55600 0 0 0 1 0 0 0 0 0 0
55700 0 0 0 1 0 0 0 0 0 0
55800 0 0 0 1 0 0 0 0 0 0
55900 0 0 0.7 1 0 0 0 0 0 0
56000 0 0 1 1 0 0 0 0 0 0
56100 0 0 1 1 0 0 0 0 0 0
56200 0 0 1 1 0 0 0 0 0 0
56300 0 0 0 1 0 0 0 0 0 0
56400 0 0 0 1 0 0 0 0 0 0
56500 0 0 0 1 0 0 0 0 0 0
56600 0 0 0 1 0 0 0 0 0 0
56700 0 0 0 0 0 0 0 0 0 0
56800 0 0 0 0 0 0 0 0 0 0
56900 0 0 0 0 0 0 0 0 0 0
57000 0 0 0 0 0 0 0 0 0 0
57100 0 0 0 0 0 0 0 0 0 0
57200 0 0 0 0 0 0 0 0 0 0
57300 0 0 0 0 0 0 0 0 0 0
57400 0 0 0 0 0 0 0 0 0 0
57500 0 0 0 0 0 0 0 0 0 0
57600 0 0 0 0 0 0 0 0 0 0
57700 0 0 0 0 0 0 0 0 0 0
57800 0 0 0 0 0 0 0 0 0 0
57900 0 0 0 0 0 0 0 0 0 0
58000 0 0 0 0 0 0 0 0 0 0
58100 0 0 0 0 0 0 0 0 0 0
58200 0 0 0 0 0 0 0 0 0 0
58300 0 0 0 0 0 0 0 0 0 0
58400 0 0 0 0 0 0 0 0 0 0
58500 0 0 0 0 0 0 0 0 0 0
58600 0 0 0 0 0 0 0 0 0 0
58700 0 0 0 0 0 0 0 0 0 0
58800 0 0 0 0 0 0 0 0 0 0
58900 0 0 0 0 0 0 0 0 0 0
59000 0 0 0 0 0 0 0 0 0 0
59100 0 0 0 0 0 0 0 0 0 0
59200 0 0 0 0 0 0 0 0 0 0
59300 0 0 0 0 0 0 0 0 0 0
59400 0 0 0 0 0 0 0 0 0 0
59500 0 0 0 0 0 0 0 0 0 0
59600 0 0 0 0 0 0 0 0 0 0
59700 0 0 0 0 0 0 0 0 0 0
59800 0 0 0 0 0 0 0 0 0 0
59900 0 0 0 0 0 0 0 0 0 0
60000 0 0 0 0 0 0 0 0 0 0
60100 0 0 0 0 0 0 0 0 0 0
60200 0 0 0 0 0 0 0 0 0 0
60300 0 0 0 0 0 0 0 0 0 0
60400 0 0 0 0 0 0 0 0 0 0
60500 0 0 0 0 0 0 0 0 0 0
60600 0 0 0 0 0 0 0 0 0 0
60700 0 0 0 0 0 0 0 0 0 0
60800 0 0 0 0 0 0 0 0 0 0
60900 0 0 0 0 0 0 0 0 0 0
61000 0 0 0 0 0 0 0 0 0 0
61100 0 0 0 0 0 0 0 0 0 0
61200 0 0 0 0 0 0 0 0 0 0
61300 0 0 0 0 0 0 0 0 0 0
61400 0 0 0 0 0 0 0 0 0 0
61500 0 0 0 0 0 0 0 0 0 0
61600 0 0 0 0 0 0 0 0 0 0
61700 0 0 0 0 0 0 0 0 0 0
61800 0 0 0 0 0 0 0 0 0 0
61900 0 0 0 0 0 0 0 0 0 0
62000 0 0 0 0 0 0 0 0 0 0
62100 0 0 0 0 0 0 0 0 0 0
62200 0 0 0 0 0 0 0 0 0 0
62300 0 0 0 0 0 0 0 0 0 0
62400 0 0 0 0 0 0 0 0 0 0
62500 0 0 0 0 0 0 0 0 0 0
62600 0 0 0 0 0 0 0 0 0 0
62700 0 0 0 0 0 0 0 0 0 0
62800 0 0 0 0 0 0 0 0 0 0
62900 0 0 0 0 0 0 0 0 0 0
63000 0 0 0 0 0 0 0 0 0 0
63100 0 0 0 0 0 0 0 0 0 0
63200 0 0 0 0 0 0 0 0 0 0
63300 0 0 0 0 0 0 0 0 0 0
63400 0 0 0 0 0 0 0 0 0 0
63500 0 0 0 0 0 0 0 0 0 0
63600 0 0 0 0 0 0 0 0 0 0
63700 0 0 0 0 0 0 0 0 0 0
63800 0 0 0 0 0 0 0 0 0 0
63900 0 0 0 0 0 0 0 0 0 0
64000 0 0 0 0 0 0 0 0 0 0
64100 0 0 0 0 0 0 0 0 0 0
64200 0 0 0 0 0 0 0 0 0 0
64300 0 0 0 0 0 0 0 0 0 0
64400 0 0 0 0 0 0 0 0 0 0
64500 0 0 0 0 0 0 0 0 0 0
64600 0 0 0 0 0 0 0 0 0 0
64700 0 0 0 0 0 0 0 0 0 0
64800 0 0 0 0 0 0 0 0 0 0
64900 0 0 0 0 0 0 0 0 0 0
65000 0 0 0 0 0 0 0 0 0 0
65100 0 0 0 0 0 0 0 0 0 0
65200 0 0 0 0 0 0 0 0 0 0
65300 0 0 0 0 0 0 0 0 0 0
65400 0 0 0 0 0 0 0 0 0 0
65500 0 0 0 0 0 0 0 0 0 0
65600 0 0 0 0 0 0 0 0 0 0
65700 0 0 0 0 0 0 0 0 0 0
65800 0 0 0 0 0 0 0 0 0 0
65900 0 0 0 0 0 0 0 0 0 0
66000 0 0 0 0 0 0 0 0 0 0
66100 0 0 0 0 0 0 0 0 0 0
66200 0 0 0 0 0 0 0 0 0 0
66300 0 0 0 0 0 0 0 0 0 0
66400 0 0 0 0 0 0 0 0 0 0
66500 0 0 0 0 0 0 0 0 0 0
66600 0 0 0 0 0 0 0 0 0 0
66700 0 0 0 0 0 0 0 0 0 0
66800 0 0 0 0 0 0 0 0 0 0
66900 0 0 0 0 0 0 0 0 0 0
67000 0 0 0 1 0 0 0 0 0 0
67100 0 0 0 1 0 0 0 0 0 0
67200 0 0 0 1 0 0 0 0 0 0
67300 0 0 0 1 0 0 0 0 0 0
67400 0 0 0 1 0 0 0 0 0 0
67500 0 0 1 1 0 0 0 0 0 0
67600 0 0 1 1 0 0 0 0 0 0
67700 0 0 1 1 0 0 0 0 0 0
67800 0 0 1 1 0 0 0 0 0 0
67900 0 0 0 1 0 0 0 0 0 0
68000 0 0 0 1 0 0 0 0 0 0
68100 0 0 0 1 0 0 0 0 0 0
68200 0 0 0 2 0 0 0 0 0 0
68300 0 0 0 2 0 0 0 0 0 0
68400 0 0 0 1.3 0 0 0 0 0 0
68500 0 0 0 1 0 0 0 0 0 0
68600 0 0 0 1 0 0 0 0 0 0
68700 0 0 0 1 0 0 0 0 0 0
68800 0 0 0 1 0 0 0 0 0 0
68900 0 0 0 1 0 0 0 0 0 0
69000 0 0 0 1 0 0 0 0 0 0
69100 0 0 0 1 0 0 0 0 0 0
69200 0 0 0 1 0 0 0 0 0 0
69300 0 0 0 1 0 0 0 0 0 0
69400 0 0 1 1 0 0 0 0 0 0
69500 0 0 1 1 0 0 0 0 0 0
69600 0 0 1 1 0 0 0 0 0 0
69700 0 0 1 1 0 0 0 0 0 0
69800 0 0 0 1 0 0 0 0 0 0
69900 0 0 0 1 0 0 0 0 0 0
70000 0 0 0 1 0 0 0 0 0 0
70100 0 0 0 1 0 0 0 0 0 0
70200 0 0 0 1 0 0 0 0 0 0
70300 0 0 0 1 0 0 0 0 0 0
70400 0 0 0 1 0 0 0 0 0 0
70500 0 0 0 1 0 0 0 0 0 0
70600 0 0 0 0 0 0 0 0 0 0
70700 0 0 0 0 0 0 0 0 0 0
70800 0 0 0 0 0 0 0 0 0 0
70900 0 0 0 0 0 0 0 0 0 0
71000 0 0 0 0 0 0 0 0 0 0
71100 0 0 0 0 0 0 0 0 0 0
71200 0 0 0 0 0 0 0 0 0 0
71300 0 0 0 0 0 0 0 0 0 0
71400 0 0 0 0 0 0 0 0 0 0
71500 0 0 0 0 0 0 0 0 0 0
71600 0 0 0 0 0 0 0 0 0 0
71700 0 0 0 0 0 0 0 0 0 0
71800 0 0 0 0 0 0 0 0 0 0
71900 0 0 0 0 0 0 0 0 0 0
72000 0 0 0 0 0 0 0 0 0 0
72100 0 0 0 0 0 0 0 0 0 0
72200 0 0 0 0 0 0 0 0 0 0
72300 0 0 0 0 0 0 0 0 0 0
72400 0 0 0 0 0 0 0 0 0 0
72500 0 0 0 0 0 0 0 0 0 0
72600 0 0 0 0 0 0 0 0 0 0
72700 0 0 0 0 0 0 0 0 0 0
72800 0 0 0 0 0 0 0 0 0 0
72900 0 0 0 0 0 0 0 0 0 0
73000 0 0 0 0 0 0 0 0 0 0
73100 0 0 0 0 0 0 0 0 0 0
73200 0 0 0 0 0 0 0 0 0 0
73300 0 0 0 0 0 0 0 0 0 0
73400 0 0 0 0 0 0 0 0 0 0
73500 0 0 0 0 0 0 0 0 0 0
73600 0 0 0 0 0 0 0 0 0 0
73700 0 0 0 0 0 0 0 0 0 0
73800 0 0 0 0 0 0 0 0 0 0
73900 0 0 0 0 0 0 0 0 0 0
74000 0 0 0 0 0 0 0 0 0 0
74100 0 0 0 0 0 0 0 0 0 0
74200 0 0 0 0 0 0 0 0 0 0
74300 0 0 0 0 0 0 0 0 0 0
74400 0 0 0 0 0 0 0 0 0 0
74500 0 0 0 0 0 0 0 0 0 0
74600 0 0 0 0 0 0 0 0 0 0
74700 0 0 0 0 0 0 0 0 0 0
74800 0 0 0 0 0 0 0 0 0 0
74900 0 0 0 0 0 0 0 0 0 0
75000 0 0 0 0 0 0 0 0 0 0
75100 0 0 0 0 0 0 0 0 0 0
75200 0 0 0 0 0 0 0 0 0 0
75300 0 0 0 0 0 0 0 0 0 0
75400 0 0 0 0 0 0 0 0 0 0
75500 0 0 0 0 0 0 0 0 0 0
75600 0 0 0 0 0 0 0 0 0 0
75700 0 0 0 0 0 0 0 0 0 0
75800 0 0 0 0 0 0 0 0 0 0
75900 0 0 0 0 0 0 0 0 0 0
76000 0 0 0 0 0 0 0 0 0 0
76100 0 0 0 0 0 0 0 0 0 0
76200 0 0 0 0 0 0 0 0 0 0
76300 0 0 0 0 0 0 0 0 0 0
76400 0 0 0 0 0 0 0 0 0 0
76500 0 0 0 0 0 0 0 0 0 0
76600 0 0 0 0 0 0 0 0 0 0
76700 0 0 0 0 0 0 0 0 0 0
76800 0 0 0 0 0 0 0 0 0 0
76900 0 0 0 0 0 0 0 0 0 0
77000 0 0 0 0 0 0 0 0 0 0
77100 0 0 0 0 0 0 0 0 0 0
77200 0 0 0 0 0 0 0 0 0 0
77300 0 0 0 0 0 0 0 0 0 0
77400 0 0 0 0 0 0 0 0 0 0
77500 0 0 0 0 0 0 0 0 0 0
77600 0 0 0 0 0 0 0 0 0 0
77700 0 0 0 0 0 0 0 0 0 0
77800 0 0 0 0 0 0 0 0 0 0
77900 0 0 0 0 0 0 0 0 0 0
78000 0 0 0 0 0 0 0 0 0 0
78100 0 0 0 0 0 0 0 0 0 0
78200 0 0 0 0 0 0 0 0 0 0
78300 0 0 0 0 0 0 0 0 0 0
78400 0 0 0 0 0 0 0 0 0 0
78500 0 0 0 0 0 0 0 0 0 0
78600 0 0 0 0 0 0 0 0 0 0
78700 0 0 0 0 0 0 0 0 0 0
78800 0 0 0 0 0 0 0 0 0 0
78900 0 0 0 0 0 0 0 0 0 0
79000 0 0 0 0 0 0 0 0 0 0
79100 0 0 0 0 0 0 0 0 0 0
79200 0 0 0 0 0 0 0 0 0 0
79300 0 0 0 0 0 0 0 0 0 0
79400 0 0 0 0 0 0 0 0 0 0
79500 0 0 0 0 0 0 0 0 0 0
79600 0 0 0 0 0 0 0 0 0 0
79700 0 0 0 0 0 0 0 0 0 0
79800 0 0 0 0 0 0 0 0 0 0
79900 0 0 0 0 0 0 0 0 0 0
80000 0 0 0 0 0 0 0 0 0 0
80100 0 0 0 0 0 0 0 0 0 0
80200 0 0 0 0 0 0 0 0 0 0
80300 0 0 0 0 0 0 0 0 0 0
80400 0 0 0 0 0 0 0 0 0 0
80500 0 0 0 0 0 0 0 0 0 0
80600 0 0 0 0 0 0 0 0 0 0
80700 0 0 0 0 0 0 0 0 0 0
80800 0 0 0 0 0 0 0 0 0 0
80900 0 0 0 0 0 0 0 0 0 0
81000 0 0 0 0 0 0 0 0 0 0
81100 0 0 0 0 0 0 0 0 0 0
81200 0 0 0 0 0 0 0 0 0 0
81300 0 0 0 0 0 0 0 0 0 0
81400 0 0 0 0 0 0 0 0 0 0
81500 0 0 0 0 0 0 0 0 0 0
81600 0 0 0 0 0 0 0 0 0 0
81700 0 0 0 0 0 0 0 0 0 0
81800 0 0 0 0 0 0 0 0 0 0
81900 0 0 0 0 0 0 0 0 0 0
82000 0 0 0 0 0 0 0 0 0 0
82100 0 0 0 0 0 0 0 0 0 0
82200 0 0 0 0 0 0 0 0 0 0
82300 0 0 0 0 0 0 0 0 0 0
82400 0 0 0 0 0 0 0 0 0 0
82500 0 0 0 0 0 0 0 0 0 0
82600 0 0 0 0 0 0 0 0 0 0
82700 0 0 0 0 0 0 0 0 0 0
82800 0 0 0 0 0 0 0 0 0 0
82900 0 0 0 0 0 0 0 0 0 0
83000 0 0 0 0 0 0 0 0 0 0
83100 0 0 0 0 0 0 0 0 0 0
83200 0 0 0 0 0 0 0 0 0 0
83300 0 0 0 0 0 0 0 0 0 0
83400 0 0 0 0 0 0 0 0 0 0
83500 0 0 0 0 0 0 0 0 0 0
83600 0 0 0 0 0 0 0 0 0 0
83700 0 0 0 0 0 0 0 0 0 0
83800 0 0 0 0 0 0 0 0 0 0
83900 0 0 0 0 0 0 0 0 0 0
84000 0 0 0 0 0 0 0 0 0 0
84100 0 0 0 0 0 0 0 0 0 0
84200 0 0 0 0 0 0 0 0 0 0
84300 0 0 0 0 0 0 0 0 0 0
84400 0 0 0 0 0 0 0 0 0 0
84500 0 0 0 0 0 0 0 0 0 0
84600 0 0 0 0 0 0 0 0 0 0
84700 0 0 0 0 0 0 0 0 0 0
84800 0 0 0 0 0 0 0 0 0 0
84900 0 0 0 0 0 0 0 0 0 0
85000 0 0 0 0 0 0 0 0 0 0
85100 0 0 0 0 0 0 0 0 0 0
85200 0 0 0 0 0 0 0 0 0 0
85300 0 0 0 0 0 0 0 0 0 0
85400 0 0 0 0 0 0 0 0 0 0
85500 0 0 0 0 0 0 0 0 0 0
85600 0 0 0 0 0 0 0 0 0 0
85700 0 0 0 0 0 0 0 0 0 0
85800 0 0 0 0 0 0 0 0 0 0
85900 0 0 0 0 0 0 0 0 0 0
86000 0 0 0 0 0 0 0 0 0 0
86100 0 0 0 0 0 0 0 0 0 0
86200 0 0 0 0 0 0 0 0 0 0
86300 0 0 0 0 0 0 0 0 0 0
86400 0 0 0 0 0 0 0 0 0 0
86500 0 0 0 0 0 0 0 0 0 0
86600 0 0 0 0 0 0 0 0 0 0
86700 0 0 0 0 0 0 0 0 0 0
86800 0 0 0 0 0 0 0 0 0 0
86900 0 0 0 0 0 0 0 0 0 0
87000 0 0 0 0 0 0 0 0 0 0
87100 0 0 0 0 0 0 0 0 0 0
87200 0 0 0 0 0 0 0 0 0 0
87300 0 0 0 0 0 0 0 0 0 0
87400 0 0 0 0 0 0 0 0 0 0
87500 0 0 0 0 0 0 0 0 0 0
87600 0 0 0 0 0 0 0 0 0 0
87700 0 0 0 0 0 0 0 0 0 0
87800 0 0 0 0 0 0 0 0 0 0
87900 0 0 0 0 0 0 0 0 0 0
88000 0 0 0 0 0 0 0 0 0 0
88100 0 0 0 0 0 0 0 0 0 0
88200 0 0 0 0 0 0 0 0 0 0
88300 0 0 0 0 0 0 0 0 0 0
88400 0 0 0 0 0 0 0 0 0 0
88500 0 0 0 0 0 0 0 0 0 0
88600 0 0 0 0 0 0 0 0 0 0
88700 0 0 0 0 0 0 0 0 0 0
88800 0 0 0 0 0 0 0 0 0 0
88900 0 0 0 0 0 0 0 0 0 0
89000 0 0 0 0 0 0 0 0 0 0
89100 0 0 0 0 0 0 0 0 0 0
89200 0 0 0 0 0 0 0 0 0 0
89300 0 0 0 0 0 0 0 0 0 0
89400 0 0 0 0 0 0 0 0 0 0
89500 0 0 0 0 0 0 0 0 0 0
89600 0 0 0 0 0 0 0 0 0 0
89700 0 0 0 0 0 0 0 0 0 0
89800 0 0 0 0 0 0 0 0 0 0
89900 0 0 0 0 0 0 0 0 0 0
90000 0 0 0 0 0 0 0 0 0 0
90100 0 0 0 0 0 0 0 0 0 0
90200 0 0 0 0 0 0 0 0 0 0
90300 0 0 0 0 0 0 0 0 0 0
90400 0 0 0 0 0 0 0 0 0 0
90500 0 0 0 0 0 0 0 0 0 0
90600 0 0 0 0 0 0 0 0 0 0
90700 0 0 0 0 0 0 0 0 0 0
90800 0 0 0 0 0 0 0 0 0 0
90900 0 0 0 0 0 0 0 0 0 0
91000 0 0 0 0 0 0 0 0 0 0
91100 0 0 0 0 0 0 0 0 0 0
91200 0 0 0 0 0 0 0 0 0 0
91300 0 0 0 0 0 0 0 0 0 0
91400 0 0 0 0 0 0 0 0 0 0
91500 0 0 0 0 0 0 0 0 0 0
91600 0 0 0 0 0 0 0 0 0 0
91700 0 0 0 0 0 0 0 0 0 0
91800 0 0 0 0 0 0 0 0 0 0
91900 0 0 0 1 0 0 0 0 0 0
92000 0 0 0 1 0 0 0 0 0 0
92100 0 0 0 1 0 0 0 0 0 0
92200 0 0 0 1 0 0 0 0 0 0
92300 0 0 1 1 0 0 0 0 0 0
92400 0 0 1 1 0 0 0 0 0 0
92500 0 0 1 1 0 0 0 0 0 0
92600 0 0 1 1 0 0 0 0 0 0
92700 0 0 1 1 0 0 0 0 0 0
92800 0 0 0 1 0 0 0 0 0 0
92900 0 0 0 2 0 0 0 0 0 0
93000 0 0 0 2 0 0 0 0 0 0
93100 0 0.6 1 2 0 0 0 0.6 0 0
93200 0 1 1 2 0 0 0 1 0 0
93300 0 1 1 2 0 0 0 1 0 0
93400 0 0 0.7 2 0 0 0 0 0 0
93500 0 0 1 2 0 0 0 0 0 0
93600 0 1 1 1 0 0 0 1 0 0
93700 0 1 1 1 0 0 0 1 0 0
93800 0 1 1 1 0 0 0 1 0 0
