# Time-averaged data for fix thermodynamic_data
# TimeStep c_pe_total c_ke_total v_E_total v_E_interaction v_E_HAP v_E_CO2 v_E_binding v_E_interaction_kcal v_E_HAP_kcal v_E_CO2_kcal v_E_binding_kcal v_temp_current v_press_current v_vol_current v_coverage v_CO2_height c_temp_mobile_prod c_temp_system_prod
43900 -838429 363.135 -838066 1391.97 -838067 -1390.61 -1391.97 32100.1 -1.93266e+07 -32068.8 -32100.1 1623.89 5944.06 114341 0.000577701 -0.750512 1832.55 1623.89
44000 -838451 384.682 -838066 1391.63 -838068 -1389.41 -1391.63 32092.1 -1.93266e+07 -32041 -32092.1 1720.25 6148.28 114487 0.000577701 -0.5906 1977.19 1720.25
44100 -838446 375.81 -838070 1389.3 -838071 -1388.63 -1389.3 32038.6 -1.93267e+07 -32023.1 -32038.6 1680.57 5105.01 114473 0.000577701 -0.911129 1908.19 1680.57
44200 -838449 386.2 -838062 1390.15 -838063 -1389.19 -1390.15 32058.1 -1.93265e+07 -32035.9 -32058.1 1727.04 4441.31 114484 0.000577701 -1.09168 1969.03 1727.04
44300 -838447 384.246 -838063 1389.56 -838064 -1388.67 -1389.56 32044.6 -1.93265e+07 -32024 -32044.6 1718.3 5229.87 114623 0.000577701 -1.11779 2000.56 1718.3
44400 -838440 372.816 -838067 1391.25 -838069 -1389.06 -1391.25 32083.6 -1.93266e+07 -32033 -32083.6 1667.19 5392.27 114448 0.000577701 -0.724111 1903.12 1667.19
44500 -838443 374.123 -838069 1391.81 -838071 -1389.64 -1391.81 32096.4 -1.93267e+07 -32046.3 -32096.4 1673.03 5894.6 114411 0.000577701 -0.745345 1923.22 1673.03
44600 -838427 355.89 -838071 1391.47 -838072 -1390.3 -1391.47 32088.5 -1.93267e+07 -32061.7 -32088.5 1591.5 5293.98 114491 0.000577701 -1.26629 1847.81 1591.5
44700 -838427 360.852 -838066 1392.37 -838068 -1390.87 -1392.37 32109.2 -1.93266e+07 -32074.7 -32109.2 1613.68 4030.3 114259 0.000577701 -1.08737 1827.05 1613.68
44800 -838436 368.664 -838067 1390.78 -838067 -1390.39 -1390.78 32072.7 -1.93266e+07 -32063.6 -32072.7 1648.62 5882.46 114346 0.000577701 -1.06754 1904.84 1648.62
44900 -838454 380.53 -838073 1390.26 -838073 -1390.32 -1390.26 32060.7 -1.93267e+07 -32061.9 -32060.7 1701.68 5922.48 114622 0.000577701 -1.18796 1965.2 1701.68
45000 -838445 381.761 -838063 1392.52 -838065 -1391.18 -1392.52 32112.7 -1.93265e+07 -32082 -32112.7 1707.19 7131.31 114402 0.000577701 -1.00078 1954 1707.19
45100 -838434 370.055 -838064 1391.33 -838064 -1390.8 -1391.33 32085.3 -1.93265e+07 -32073 -32085.3 1654.84 7235.1 114572 0.000577701 -1.35293 1907.62 1654.84
45200 -838432 367.855 -838065 1393.44 -838067 -1390.64 -1393.44 32133.9 -1.93266e+07 -32069.3 -32133.9 1645 8545.72 114589 0.000577701 -1.02247 1894.85 1645
45300 -838443 366.691 -838076 1393.24 -838077 -1392.64 -1393.24 32129.4 -1.93268e+07 -32115.5 -32129.4 1639.79 7277.84 114444 0.000577701 -0.852471 1886.71 1639.79
45400 -838437 368.462 -838069 1393.1 -838072 -1390.03 -1393.1 32126.2 -1.93267e+07 -32055.2 -32126.2 1647.72 7186.89 114579 0.000577701 -0.92132 1880.54 1647.72
45500 -838446 370.825 -838075 1391.1 -838076 -1389.79 -1391.1 32080.1 -1.93268e+07 -32049.7 -32080.1 1658.28 7744.29 114322 0.000577701 -1.10764 1918.85 1658.28
45600 -838451 373.399 -838077 1391.76 -838080 -1389.59 -1391.76 32095.3 -1.93269e+07 -32045.2 -32095.3 1669.79 7001.06 114462 0.000577701 -0.668301 1924.66 1669.79
45700 -838434 352.182 -838082 1392.5 -838084 -1390.01 -1392.5 32112.3 -1.9327e+07 -32054.9 -32112.3 1574.91 5749.63 114614 0.000577701 -0.829287 1793.75 1574.91
45800 -838448 362.767 -838086 1391.83 -838087 -1390.72 -1391.83 32096.7 -1.9327e+07 -32071.3 -32096.7 1622.25 4572.33 114342 0.000577701 -1.31562 1885.2 1622.25
45900 -838452 376.261 -838075 1392.91 -838077 -1391.27 -1392.91 32121.8 -1.93268e+07 -32083.9 -32121.8 1682.59 5329.24 114274 0.000577701 -1.2057 1915.83 1682.59
46000 -838442 349.903 -838093 1391.84 -838093 -1391.02 -1391.84 32097.1 -1.93272e+07 -32078.1 -32097.1 1564.72 5527.68 114430 0.000577701 -1.29568 1790.37 1564.72
46100 -838430 346.275 -838083 1391.55 -838085 -1390.49 -1391.55 32090.4 -1.9327e+07 -32066 -32090.4 1548.5 6380.43 114420 0.000577701 -1.17085 1802.32 1548.5
46200 -838443 357.323 -838085 1390.75 -838086 -1390.33 -1390.75 32072 -1.9327e+07 -32062.3 -32072 1597.9 6033.85 114486 0.000577701 -0.841092 1814.55 1597.9
46300 -838447 361.334 -838086 1390.54 -838086 -1390.3 -1390.54 32067.1 -1.9327e+07 -32061.5 -32067.1 1615.84 6709.49 114299 0.000577701 -0.858139 1860.03 1615.84
46400 -838449 359.931 -838089 1392.11 -838091 -1390.5 -1392.11 32103.4 -1.93271e+07 -32066.2 -32103.4 1609.57 6623.14 114498 0.000577701 -1.14058 1846.49 1609.57
46500 -838455 364.885 -838090 1392.25 -838091 -1390.89 -1392.25 32106.4 -1.93271e+07 -32075.2 -32106.4 1631.72 7162.47 114403 0.000577701 -1.19835 1872.22 1631.72
46600 -838454 352.854 -838101 1391.99 -838102 -1390.62 -1391.99 32100.6 -1.93274e+07 -32068.9 -32100.6 1577.92 6245.1 114426 0.000577701 -1.14139 1824.16 1577.92
46700 -838443 351.126 -838092 1392.51 -838094 -1390.32 -1392.51 32112.6 -1.93272e+07 -32062 -32112.6 1570.19 6418.47 114447 0.000577701 -1.01029 1796.46 1570.19
46800 -838448 345.465 -838103 1391.98 -838104 -1390.01 -1391.98 32100.3 -1.93274e+07 -32055 -32100.3 1544.88 6252.2 114452 0.000577701 -0.727942 1768.45 1544.88
46900 -838459 350.753 -838108 1392.17 -838110 -1390.15 -1392.17 32104.7 -1.93276e+07 -32058.1 -32104.7 1568.52 6297.47 114526 0.000577701 -0.997782 1791.87 1568.52
47000 -838458 346.505 -838112 1391.44 -838112 -1390.67 -1391.44 32087.8 -1.93276e+07 -32070.2 -32087.8 1549.53 5961.38 114288 0.000577701 -1.20404 1791.98 1549.53
47100 -838441 339.997 -838101 1391.85 -838102 -1390.52 -1391.85 32097.3 -1.93274e+07 -32066.6 -32097.3 1520.42 6018.13 114556 0.000577701 -1.0712 1743.49 1520.42
47200 -838447 353.088 -838094 1392.16 -838095 -1390.96 -1392.16 32104.5 -1.93272e+07 -32076.7 -32104.5 1578.96 6334.02 114602 0.000577701 -0.854341 1796.14 1578.96
47300 -838450 350.117 -838100 1392.75 -838102 -1390.48 -1392.75 32118.2 -1.93274e+07 -32065.7 -32118.2 1565.68 6438.23 114411 0.000577701 -1.00331 1813.49 1565.68
47400 -838443 356.206 -838087 1391.31 -838087 -1390.85 -1391.31 32084.9 -1.9327e+07 -32074.3 -32084.9 1592.91 6813.77 114324 0.000577701 -1.22754 1812.72 1592.91
47500 -838437 340.807 -838096 1393.4 -838098 -1391.7 -1393.4 32133.2 -1.93273e+07 -32094 -32133.2 1524.05 6900.58 114480 0.000577701 -1.19366 1749.84 1524.05
47600 -838424 325.52 -838099 1391.95 -838099 -1391.34 -1391.95 32099.6 -1.93273e+07 -32085.5 -32099.6 1455.68 5284.84 114376 0.000577701 -1.40963 1683.18 1455.68
47700 -838448 351.617 -838096 1392.85 -838098 -1391.37 -1392.85 32120.4 -1.93273e+07 -32086.1 -32120.4 1572.38 7403.79 114533 0.000577701 -1.082 1776.33 1572.38
47800 -838442 328.484 -838114 1392.02 -838114 -1391.66 -1392.02 32101.2 -1.93277e+07 -32093 -32101.2 1468.94 7594.78 114505 0.000577701 -1.04002 1695 1468.94
47900 -838427 329.17 -838098 1392.86 -838100 -1390.85 -1392.86 32120.6 -1.93273e+07 -32074.3 -32120.6 1472.01 7158.52 114232 0.000577701 -0.889714 1687.22 1472.01
48000 -838427 328.454 -838099 1391.32 -838100 -1390.62 -1391.32 32085.1 -1.93273e+07 -32069 -32085.1 1468.8 6160.85 114484 0.000577701 -1.16788 1667.95 1468.8
48100 -838429 321.819 -838107 1392.64 -838110 -1390.54 -1392.64 32115.5 -1.93276e+07 -32067 -32115.5 1439.13 5503.94 114403 0.000577701 -0.788361 1654.8 1439.13
48200 -838426 321.179 -838105 1391.1 -838106 -1390.32 -1391.1 32079.9 -1.93275e+07 -32062 -32079.9 1436.27 4047.52 114352 0.000577701 -0.961452 1641.27 1436.27
48300 -838440 326.507 -838114 1392.4 -838115 -1390.65 -1392.4 32110 -1.93277e+07 -32069.7 -32110 1460.1 4454.63 114362 0.000577701 -1.08014 1670.96 1460.1
48400 -838425 317.006 -838108 1392.75 -838110 -1390.46 -1392.75 32118 -1.93276e+07 -32065.3 -32118 1417.61 4448.83 114397 0.000577701 -1.07236 1609.11 1417.61
48500 -838415 307.096 -838108 1392.54 -838109 -1391.8 -1392.54 32113.1 -1.93276e+07 -32096.1 -32113.1 1373.29 5684.25 114545 0.000577701 -0.795341 1575.73 1373.29
48600 -838437 332.391 -838105 1393.36 -838107 -1390.96 -1393.36 32132.2 -1.93275e+07 -32076.7 -32132.2 1486.41 6344.3 114513 0.000577701 -1.05386 1699.84 1486.41
48700 -838431 330.517 -838100 1392.08 -838101 -1391.56 -1392.08 32102.7 -1.93274e+07 -32090.6 -32102.7 1478.03 7081.58 114415 0.000577701 -1.3612 1682.1 1478.03
48800 -838418 309.678 -838108 1393.24 -838109 -1392.03 -1393.24 32129.3 -1.93276e+07 -32101.5 -32129.3 1384.84 6471.49 114499 0.000577701 -1.35503 1601.54 1384.84
48900 -838413 317.088 -838096 1392.04 -838096 -1391.7 -1392.04 32101.7 -1.93273e+07 -32093.9 -32101.7 1417.98 5752 114451 0.000577701 -1.41364 1595.02 1417.98
49000 -838415 305.807 -838109 1392.36 -838110 -1391.68 -1392.36 32109.1 -1.93276e+07 -32093.4 -32109.1 1367.53 5579.68 114378 0.000577701 -1.17769 1556.58 1367.53
49100 -838421 307.216 -838114 1391.11 -838114 -1390.96 -1391.11 32080.1 -1.93277e+07 -32076.8 -32080.1 1373.83 5782.72 114422 0.000577701 -1.21882 1592.79 1373.83
49200 -838426 317.902 -838108 1392.15 -838109 -1390.72 -1392.15 32104.3 -1.93276e+07 -32071.3 -32104.3 1421.62 7171.06 114276 0.000577701 -0.994412 1602.74 1421.62
49300 -838435 322.219 -838113 1391.9 -838114 -1391.26 -1391.9 32098.5 -1.93277e+07 -32083.6 -32098.5 1440.92 5924.11 114373 0.000577701 -0.902899 1654.62 1440.92
49400 -838419 302.683 -838116 1391.55 -838117 -1390.09 -1391.55 32090.4 -1.93277e+07 -32056.7 -32090.4 1353.56 5948.52 114441 0.000577701 -0.957852 1538.38 1353.56
49500 -838421 309.32 -838111 1389.87 -838112 -1389.15 -1389.87 32051.7 -1.93276e+07 -32035.1 -32051.7 1383.24 6147.81 114387 0.000577701 -1.01334 1572.25 1383.24
49600 -838419 304.659 -838114 1390.25 -838115 -1389.37 -1390.25 32060.4 -1.93277e+07 -32040 -32060.4 1362.4 6002.78 114437 0.000577701 -0.801114 1568.99 1362.4
49700 -838431 319.114 -838111 1390.79 -838113 -1389.46 -1390.79 32072.8 -1.93276e+07 -32042.3 -32072.8 1427.04 7092.86 114279 0.000577701 -0.887249 1625.27 1427.04
49800 -838445 326.543 -838118 1391.2 -838119 -1390.45 -1391.2 32082.4 -1.93278e+07 -32065.1 -32082.4 1460.26 6628.54 114640 0.000577701 -0.955455 1667.21 1460.26
49900 -838433 323.536 -838110 1391.35 -838110 -1390.7 -1391.35 32085.8 -1.93276e+07 -32070.7 -32085.8 1446.81 7207.58 114279 0.000577701 -0.972891 1643.86 1446.81
50000 -838412 311.126 -838100 1390.99 -838101 -1390.93 -1390.99 32077.4 -1.93274e+07 -32076.2 -32077.4 1391.32 6986.83 114643 0.000577701 -1.07649 1600.99 1391.32
50100 -838420 320.613 -838099 1391.55 -838099 -1391.52 -1391.55 32090.4 -1.93273e+07 -32089.7 -32090.4 1433.74 5218.5 114330 0.000577701 -1.15356 1641.09 1433.74
50200 -838410 308.384 -838102 1391.21 -838101 -1391.5 -1391.21 32082.5 -1.93274e+07 -32089.3 -32082.5 1379.05 5705.08 114515 0.000577701 -1.20549 1558.75 1379.05
50300 -838416 307.978 -838108 1391.21 -838108 -1391.13 -1391.21 32082.6 -1.93275e+07 -32080.6 -32082.6 1377.24 5502.33 114521 0.000577701 -0.982498 1584.16 1377.24
50400 -838414 311.978 -838102 696.133 -838102 -696.144 -696.133 16053.5 -1.93274e+07 -16053.7 -16053.5 1395.13 5097.5 114404 0.000577701 -0.79725 1575.27 1395.13
50500 -838404 291.684 -838113 1391.1 -838113 -1391.03 -1391.1 32080.1 -1.93276e+07 -32078.5 -32080.1 1304.37 5501.35 114437 0.000577701 -1.14542 1490.17 1304.37
50600 -838395 284.117 -838111 696.17 -838111 -696.445 -696.17 16054.3 -1.93276e+07 -16060.6 -16054.3 1270.53 6132.58 114363 0.000577701 -1.15194 1458.91 1270.53
50700 -838403 298.949 -838104 1391.62 -838104 -1392.12 -1391.62 32091.9 -1.93274e+07 -32103.6 -32091.9 1336.86 5748.47 114498 0.000577701 -1.47197 1495.54 1336.86
50800 -838403 287.031 -838116 766.237 -838116 -766.383 -766.237 17670.1 -1.93277e+07 -17673.5 -17670.1 1283.57 5674.8 114443 0.000577701 -1.39461 1475.31 1283.57
50900 -838405 289.434 -838116 1391.52 -838115 -1392.22 -1391.52 32089.7 -1.93277e+07 -32105.8 -32089.7 1294.31 4825.36 114449 0.000577701 -1.47262 1470.45 1294.31
51000 -838401 289.773 -838111 696.702 -838111 -696.642 -696.702 16066.6 -1.93276e+07 -16065.2 -16066.6 1295.83 5450.08 114280 0.000577701 -1.24645 1462.11 1295.83
51100 -838391 278.116 -838113 1390.91 -838112 -1391.45 -1390.91 32075.6 -1.93276e+07 -32088.1 -32075.6 1243.7 5811.4 114417 0.000577701 -1.27862 1424.3 1243.7
51200 -838403 298.012 -838105 696.379 -838106 -695.62 -696.379 16059.1 -1.93275e+07 -16041.6 -16059.1 1332.67 6048.05 114342 0.000577701 -0.878086 1510.76 1332.67
51300 -838418 303.557 -838114 1391.09 -838114 -1390.96 -1391.09 32079.8 -1.93277e+07 -32076.7 -32079.8 1357.47 5657.22 114355 0.000577701 -0.859219 1548 1357.47
51400 -838415 303.577 -838111 1390.87 -838111 -1391.34 -1390.87 32074.7 -1.93276e+07 -32085.5 -32074.7 1357.56 6622.95 114430 0.000577701 -1.21256 1541.73 1357.56
51500 -838412 305.036 -838107 1391.58 -838107 -1391.55 -1391.58 32091 -1.93275e+07 -32090.5 -32091 1364.08 6356.42 114405 0.000577701 -1.07063 1560.91 1364.08
51600 -838409 297.74 -838111 1391.68 -838111 -1391.75 -1391.68 32093.5 -1.93276e+07 -32095 -32093.5 1331.45 6304.67 114450 0.000577701 -0.958223 1511.2 1331.45
51700 -838408 296.088 -838112 1391.97 -838112 -1391.57 -1391.97 32100.1 -1.93276e+07 -32090.8 -32100.1 1324.07 6165.97 114400 0.000577701 -0.956857 1502.67 1324.07
51800 -838423 305.036 -838118 1391.23 -838117 -1391.69 -1391.23 32083 -1.93277e+07 -32093.7 -32083 1364.08 5379.68 114602 0.000577701 -1.13667 1574.51 1364.08
51900 -838413 308.354 -838105 1391.45 -838104 -1392.02 -1391.45 32088.1 -1.93274e+07 -32101.3 -32088.1 1378.92 5181.96 114526 0.000577701 -1.3632 1546.74 1378.92
52000 -838411 305.568 -838105 696.757 -838105 -696.951 -696.757 16067.8 -1.93275e+07 -16072.3 -16067.8 1366.46 5368.64 114439 0.000577701 -1.30142 1560.19 1366.46
52100 -838408 305.695 -838102 695.92 -838101 -696.27 -695.92 16048.5 -1.93274e+07 -16056.6 -16048.5 1367.03 7683.75 114374 0.000577701 -1.32861 1581.37 1367.03
52200 -838413 311.805 -838101 696.44 -838102 -695.711 -696.44 16060.5 -1.93274e+07 -16043.7 -16060.5 1394.35 7316.08 114381 0.000577701 -1.10642 1570.08 1394.35
52300 -838415 305.639 -838109 696.324 -838110 -696.094 -696.324 16057.9 -1.93276e+07 -16052.6 -16057.9 1366.78 6897.81 114344 0.000577701 -0.928265 1570.28 1366.78
52400 -838416 310.112 -838106 696.286 -838107 -695.364 -696.286 16057 -1.93275e+07 -16035.7 -16057 1386.78 5728.02 114485 0.000577701 -0.967371 1575.78 1386.78
52500 -838410 310.96 -838099 695.428 -838099 -695.669 -695.428 16037.2 -1.93273e+07 -16042.8 -16037.2 1390.57 5311.77 114498 0.000577701 -1.27633 1576.85 1390.57
52600 -838404 303.947 -838100 696.477 -838100 -696.325 -696.477 16061.4 -1.93273e+07 -16057.9 -16061.4 1359.21 6068.98 114328 0.000577701 -1.18332 1568.17 1359.21
52700 -838407 301.826 -838105 695.784 -838105 -696.142 -695.784 16045.4 -1.93274e+07 -16053.7 -16045.4 1349.73 6028.59 114444 0.000577701 -1.33409 1532.73 1349.73
52800 -838422 304.169 -838118 696.636 -838119 -696.172 -696.636 16065 -1.93278e+07 -16054.3 -16065 1360.2 6450.71 114454 0.000577701 -1.12212 1545.39 1360.2
52900 -838406 297.997 -838108 696.307 -838108 -696.581 -696.307 16057.5 -1.93275e+07 -16063.8 -16057.5 1332.6 5721.01 114448 0.000577701 -1.00586 1506.44 1332.6
53000 -838398 278.461 -838120 1391.33 -838120 -1391.19 -1391.33 32085.2 -1.93278e+07 -32082 -32085.2 1245.24 6386.81 114589 0.000577701 -0.98614 1424.24 1245.24
53100 -838391 287 -838104 1391.07 -838104 -1391.32 -1391.07 32079.3 -1.93274e+07 -32085.2 -32079.3 1283.43 6549.53 114337 0.000577701 -1.07572 1460.92 1283.43
53200 -838391 288.262 -838103 1390.85 -838102 -1391.35 -1390.85 32074.2 -1.93274e+07 -32085.8 -32074.2 1289.07 5271.61 114505 0.000577701 -1.02927 1454 1289.07
53300 -838378 271.81 -838106 1391.54 -838107 -1391.09 -1391.54 32090.1 -1.93275e+07 -32079.9 -32090.1 1215.5 5402.77 114481 0.000577701 -0.886406 1387.88 1215.5
53400 -838394 286.561 -838108 1390.7 -838107 -1391.25 -1390.7 32070.8 -1.93275e+07 -32083.6 -32070.8 1281.46 5082.24 114485 0.000577701 -1.07276 1438.34 1281.46
53500 -838399 281.697 -838118 1390.86 -838117 -1391.38 -1390.86 32074.5 -1.93277e+07 -32086.5 -32074.5 1259.71 5931.68 114426 0.000577701 -1.17878 1439.13 1259.71
53600 -838384 274.847 -838109 696.647 -838109 -696.362 -696.647 16065.3 -1.93276e+07 -16058.7 -16065.3 1229.08 5291.21 114420 0.000577701 -1.01141 1407.08 1229.08
53700 -838381 280.1 -838101 696.035 -838101 -696.222 -696.035 16051.2 -1.93274e+07 -16055.5 -16051.2 1252.57 3560.17 114513 0.000577701 -1.03269 1396.64 1252.57
53800 -838393 287.561 -838105 696.398 -838106 -695.837 -696.398 16059.6 -1.93275e+07 -16046.6 -16059.6 1285.94 4053.57 114514 0.000577701 -1.03472 1476.44 1285.94
53900 -838395 284.357 -838111 695.403 -838110 -695.734 -695.403 16036.6 -1.93276e+07 -16044.2 -16036.6 1271.61 5273.93 114377 0.000577701 -1.21026 1439.73 1271.61
54000 -838381 277.338 -838103 696.209 -838104 -695.811 -696.209 16055.2 -1.93274e+07 -16046 -16055.2 1240.22 5734.94 114488 0.000577701 -1.14475 1397.9 1240.22
54100 -838388 282.19 -838106 695.609 -838106 -695.628 -695.609 16041.4 -1.93275e+07 -16041.8 -16041.4 1261.92 5544.28 114553 0.000577701 -1.03589 1447.12 1261.92
54200 -838372 276.156 -838096 695.915 -838096 -695.556 -695.915 16048.4 -1.93272e+07 -16040.1 -16048.4 1234.93 5056.41 114395 0.000577701 -1.00363 1387.93 1234.93
54300 -838371 271.978 -838099 695.491 -838099 -695.684 -695.491 16038.6 -1.93273e+07 -16043.1 -16038.6 1216.25 4053.46 114411 0.000577701 -1.14642 1379.11 1216.25
54400 -838377 269.954 -838107 695.299 -838107 -695.762 -695.299 16034.2 -1.93275e+07 -16044.9 -16034.2 1207.2 6017.91 114426 0.000577701 -1.24306 1364.57 1207.2
54500 -838367 263.009 -838103 695.855 -838103 -695.989 -695.855 16047 -1.93274e+07 -16050.1 -16047 1176.14 6611.43 114520 0.000577701 -1.22173 1331.32 1176.14
54600 -838371 264.183 -838106 695.75 -838106 -695.717 -695.75 16044.6 -1.93275e+07 -16043.9 -16044.6 1181.39 6603.41 114340 0.000577701 -1.06945 1331.44 1181.39
54700 -838375 264.579 -838110 695.982 -838110 -695.67 -695.982 16050 -1.93276e+07 -16042.8 -16050 1183.16 6734.73 114530 0.000577701 -0.915134 1337.76 1183.16
54800 -838375 267.354 -838107 695.837 -838107 -695.792 -695.837 16046.6 -1.93275e+07 -16045.6 -16046.6 1195.57 6196.61 114473 0.000577701 -1.10171 1367.72 1195.57
54900 -838377 273.953 -838103 695.558 -838102 -695.951 -695.558 16040.2 -1.93274e+07 -16049.3 -16040.2 1225.08 5579.28 114470 0.000577701 -1.28439 1363.24 1225.08
55000 -838374 261.388 -838113 695.039 -838112 -695.952 -695.039 16028.2 -1.93276e+07 -16049.3 -16028.2 1168.89 5047.76 114461 0.000577701 -1.41038 1327.2 1168.89
55100 -838377 263.269 -838114 695.693 -838113 -696.535 -695.693 16043.3 -1.93276e+07 -16062.7 -16043.3 1177.31 4874.29 114525 0.000577701 -1.68123 1346.21 1177.31
55200 -838373 261.183 -838112 2.29559e-08 -838111 -0.572538 -2.29559e-08 5.29383e-07 -1.93276e+07 -13.2032 -5.29383e-07 1167.98 5589.39 114378 0.000577701 -2.30708 1299.89 1167.98
55300 -838366 243.531 -838123 2.29645e-08 -838122 -0.672046 -2.29645e-08 5.29582e-07 -1.93279e+07 -15.498 -5.29582e-07 1089.04 5183.95 114456 0.000577701 -2.9295 1240.65 1089.04
55400 -838380 269.416 -838111 2.29158e-08 -838110 -0.730254 -2.29158e-08 5.28458e-07 -1.93276e+07 -16.8403 -5.28458e-07 1204.79 5800.2 114342 0.000577701 -3.52015 1352.92 1204.79
55500 -838374 269.67 -838104 2.29797e-08 -838103 -0.74718 -2.29797e-08 5.29932e-07 -1.93274e+07 -17.2306 -5.29932e-07 1205.93 4992.71 114495 0.000577701 -4.09562 1351.89 1205.93
55600 -838352 249.875 -838102 2.29552e-08 -838101 -0.777268 -2.29552e-08 5.29367e-07 -1.93274e+07 -17.9245 -5.29367e-07 1117.41 5151.6 114439 0.000577701 -4.659 1280.52 1117.41
55700 -838354 261.035 -838093 2.29809e-08 -838093 -0.816829 -2.29809e-08 5.2996e-07 -1.93272e+07 -18.8368 -5.2996e-07 1167.32 5970.16 114551 0.000577701 -5.25034 1312.87 1167.32
55800 -838371 263.59 -838107 2.29486e-08 -838107 -0.84653 -2.29486e-08 5.29215e-07 -1.93275e+07 -19.5218 -5.29215e-07 1178.74 4802.79 114474 0.000577701 -5.86351 1325.7 1178.74
55900 -838366 263.018 -838103 2.29548e-08 -838102 -0.885015 -2.29548e-08 5.29359e-07 -1.93274e+07 -20.4092 -5.29359e-07 1176.18 4801.79 114457 0.000577701 -6.46791 1321.2 1176.18
56000 -838360 257.866 -838102 2.29521e-08 -838101 -1.06166 -2.29521e-08 5.29296e-07 -1.93274e+07 -24.4829 -5.29296e-07 1153.15 6220.08 114460 0.000577701 -6.94343 1311.04 1153.15
56100 -838355 257.654 -838097 694.686 -838096 -696.286 -694.686 16020.1 -1.93272e+07 -16057 -16020.1 1152.2 6695.26 114479 0.000577701 -7.44378 1302.58 1152.2
56200 -838359 259.826 -838099 2.29454e-08 -838097 -2.22818 -2.29454e-08 5.29142e-07 -1.93273e+07 -51.3839 -5.29142e-07 1161.91 5679.98 114473 0.000577701 -7.83092 1305.79 1161.91
56300 -838355 252.901 -838102 2.29505e-08 -838100 -2.50216 -2.29505e-08 5.2926e-07 -1.93273e+07 -57.7022 -5.2926e-07 1130.94 5687.07 114385 0.000577701 -8.11618 1283.26 1130.94
56400 -838353 258.214 -838094 2.2957e-08 -838092 -2.55443 -2.2957e-08 5.29409e-07 -1.93272e+07 -58.9074 -5.29409e-07 1154.7 4516.18 114412 0.000577701 -8.37008 1283.7 1154.7
56500 -838341 237.86 -838103 2.29901e-08 -838101 -2.57201 -2.29901e-08 5.30173e-07 -1.93274e+07 -59.313 -5.30173e-07 1063.68 5011.66 114432 0.000577701 -8.62135 1205.77 1063.68
56600 -838352 251.039 -838101 2.2952e-08 -838098 -2.60815 -2.2952e-08 5.29294e-07 -1.93273e+07 -60.1463 -5.29294e-07 1122.61 4467.45 114457 0.000577701 -8.8369 1277.06 1122.61
56700 -838347 259.106 -838088 2.2978e-08 -838085 -2.65864 -2.2978e-08 5.29892e-07 -1.9327e+07 -61.3106 -5.29892e-07 1158.69 4537.96 114286 0.000577701 -9.0819 1285.32 1158.69
56800 -838349 245.506 -838103 2.29681e-08 -838101 -2.71127 -2.29681e-08 5.29665e-07 -1.93274e+07 -62.5244 -5.29665e-07 1097.87 5015.83 114430 0.000577701 -9.28608 1246.98 1097.87
56900 -838341 246.244 -838095 2.29828e-08 -838092 -2.75796 -2.29828e-08 5.30004e-07 -1.93272e+07 -63.601 -5.30004e-07 1101.17 5663.41 114570 0.000577701 -9.48057 1232.61 1101.17
57000 -838347 254.382 -838093 2.29318e-08 -838090 -2.80265 -2.29318e-08 5.28829e-07 -1.93271e+07 -64.6316 -5.28829e-07 1137.56 5431.54 114374 0.000577701 -9.67264 1276.83 1137.56
57100 -838349 258.99 -838090 2.29427e-08 -838087 -2.84348 -2.29427e-08 5.2908e-07 -1.9327e+07 -65.5731 -5.2908e-07 1158.17 5250.54 114462 0.000577701 -9.88079 1321.92 1158.17
57200 -838327 248.357 -838078 2.299e-08 -838076 -2.87351 -2.299e-08 5.30169e-07 -1.93268e+07 -66.2657 -5.30169e-07 1110.62 5848.22 114520 0.000577701 -10.0623 1236.44 1110.62
57300 -838341 256.795 -838084 2.29633e-08 -838081 -2.89386 -2.29633e-08 5.29554e-07 -1.93269e+07 -66.7349 -5.29554e-07 1148.35 4225.56 114356 0.000577701 -10.191 1297.74 1148.35
57400 -838335 252.096 -838083 2.2951e-08 -838080 -2.90773 -2.2951e-08 5.29272e-07 -1.93269e+07 -67.0548 -5.29272e-07 1127.34 3313.53 114367 0.000577701 -10.3379 1270.27 1127.34
57500 -838339 247.391 -838092 2.29647e-08 -838089 -2.91771 -2.29647e-08 5.29587e-07 -1.93271e+07 -67.2851 -5.29587e-07 1106.3 3468.97 114420 0.000577701 -10.5366 1244.52 1106.3
57600 -838332 243.784 -838089 2.2948e-08 -838086 -2.92537 -2.2948e-08 5.292e-07 -1.9327e+07 -67.4617 -5.292e-07 1090.17 4041.61 114511 0.000577701 -10.6567 1223.29 1090.17
57700 -838350 256.977 -838093 2.29468e-08 -838090 -2.93154 -2.29468e-08 5.29173e-07 -1.93271e+07 -67.6039 -5.29173e-07 1149.17 4212.9 114349 0.000577701 -10.7922 1297.66 1149.17
57800 -838343 250.824 -838092 2.29605e-08 -838089 -2.93691 -2.29605e-08 5.29489e-07 -1.93271e+07 -67.7279 -5.29489e-07 1121.65 4940.04 114462 0.000577701 -10.9147 1273.42 1121.65
57900 -838337 251.81 -838085 2.29752e-08 -838082 -2.94228 -2.29752e-08 5.29828e-07 -1.93269e+07 -67.8517 -5.29828e-07 1126.06 4670.52 114424 0.000577701 -11.0904 1247.52 1126.06
58000 -838334 242.865 -838091 2.29601e-08 -838088 -2.94848 -2.29601e-08 5.29482e-07 -1.93271e+07 -67.9947 -5.29482e-07 1086.06 3447.38 114363 0.000577701 -11.2281 1228.96 1086.06
58100 -838325 238.307 -838087 2.29497e-08 -838084 -2.9559 -2.29497e-08 5.29241e-07 -1.9327e+07 -68.1656 -5.29241e-07 1065.68 4631.14 114388 0.000577701 -11.3268 1203 1065.68
58200 -838331 240.558 -838091 2.29675e-08 -838088 -2.96431 -2.29675e-08 5.29652e-07 -1.93271e+07 -68.3598 -5.29652e-07 1075.74 4767.69 114309 0.000577701 -11.4703 1192.38 1075.74
58300 -838324 232.483 -838091 2.2936e-08 -838088 -2.97306 -2.2936e-08 5.28925e-07 -1.93271e+07 -68.5614 -5.28925e-07 1039.63 3438.02 114445 0.000577701 -11.5959 1182.53 1039.63
58400 -838334 249.445 -838085 2.29791e-08 -838082 -2.98138 -2.29791e-08 5.29918e-07 -1.93269e+07 -68.7534 -5.29918e-07 1115.48 3602.07 114356 0.000577701 -11.7171 1240.87 1115.48
58500 -838338 248.906 -838089 2.29466e-08 -838086 -2.98903 -2.29466e-08 5.29169e-07 -1.9327e+07 -68.9296 -5.29169e-07 1113.08 3579.79 114431 0.000577701 -11.812 1240.6 1113.08
58600 -838329 239.159 -838090 2.29532e-08 -838087 -2.9961 -2.29532e-08 5.29322e-07 -1.9327e+07 -69.0927 -5.29322e-07 1069.49 4121.64 114328 0.000577701 -11.9169 1224.09 1069.49
58700 -838342 260.451 -838082 2.29597e-08 -838079 -3.00281 -2.29597e-08 5.29472e-07 -1.93269e+07 -69.2475 -5.29472e-07 1164.7 4743.33 114361 0.000577701 -11.9958 1307.56 1164.7
58800 -838334 242.645 -838091 2.29447e-08 -838088 -3.00923 -2.29447e-08 5.29125e-07 -1.93271e+07 -69.3954 -5.29125e-07 1085.08 3930.5 114457 0.000577701 -12.0875 1212.74 1085.08
58900 -838330 247.024 -838083 2.29708e-08 -838080 -3.01504 -2.29708e-08 5.29727e-07 -1.93269e+07 -69.5296 -5.29727e-07 1104.66 4075.79 114383 0.000577701 -12.1244 1238.6 1104.66
59000 -838325 244.147 -838081 2.29146e-08 -838078 -3.01986 -2.29146e-08 5.28432e-07 -1.93268e+07 -69.6407 -5.28432e-07 1091.79 4383.39 114465 0.000577701 -12.1881 1231.86 1091.79
59100 -838329 248.254 -838081 2.2952e-08 -838078 -3.02359 -2.2952e-08 5.29294e-07 -1.93268e+07 -69.7266 -5.29294e-07 1110.16 4125.67 114497 0.000577701 -12.2555 1251.47 1110.16
59200 -838322 248.239 -838074 2.29476e-08 -838071 -3.02645 -2.29476e-08 5.29193e-07 -1.93267e+07 -69.7927 -5.29193e-07 1110.09 4204.82 114331 0.000577701 -12.2678 1248.33 1110.09
59300 -838324 247.566 -838077 2.29931e-08 -838074 -3.02864 -2.29931e-08 5.30241e-07 -1.93267e+07 -69.8432 -5.30241e-07 1107.08 3508.08 114412 0.000577701 -12.2737 1249.05 1107.08
59400 -838336 268.397 -838068 2.29345e-08 -838065 -3.03008 -2.29345e-08 5.2889e-07 -1.93265e+07 -69.8763 -5.2889e-07 1200.24 3430.91 114499 0.000577701 -12.2646 1335.24 1200.24
59500 -838307 236.797 -838071 2.29554e-08 -838068 -3.03049 -2.29554e-08 5.29373e-07 -1.93266e+07 -69.8857 -5.29373e-07 1058.93 3484.62 114318 0.000577701 -12.2764 1201.38 1058.93
59600 -838305 230.498 -838074 2.30042e-08 -838071 -3.02963 -2.30042e-08 5.30497e-07 -1.93267e+07 -69.8661 -5.30497e-07 1030.76 5196.25 114449 0.000577701 -12.2562 1163.77 1030.76
59700 -838309 240.282 -838069 2.29538e-08 -838066 -3.02751 -2.29538e-08 5.29335e-07 -1.93266e+07 -69.817 -5.29335e-07 1074.51 5328.3 114244 0.000577701 -12.2193 1185.62 1074.51
59800 -838317 235.501 -838082 2.29434e-08 -838079 -3.02433 -2.29434e-08 5.29095e-07 -1.93268e+07 -69.7437 -5.29095e-07 1053.13 3016.46 114422 0.000577701 -12.1997 1190.51 1053.13
59900 -838305 229.909 -838075 2.29685e-08 -838072 -3.02035 -2.29685e-08 5.29674e-07 -1.93267e+07 -69.6521 -5.29674e-07 1028.12 3433.84 114348 0.000577701 -12.0669 1143.12 1028.12
60000 -838295 223.282 -838072 2.29821e-08 -838069 -3.01566 -2.29821e-08 5.29988e-07 -1.93266e+07 -69.5438 -5.29988e-07 998.488 3690.17 114367 0.000577701 -12.0719 1111.13 998.488
60100 -838290 226.775 -838063 2.29588e-08 -838060 -3.0102 -2.29588e-08 5.2945e-07 -1.93264e+07 -69.4178 -5.2945e-07 1014.11 3684.68 114394 0.000577701 -11.9811 1148.33 1014.11
60200 -838292 235.235 -838056 2.29403e-08 -838053 -3.00392 -2.29403e-08 5.29025e-07 -1.93263e+07 -69.2731 -5.29025e-07 1051.94 4921.47 114308 0.000577701 -11.909 1165.89 1051.94
60300 -838291 229.67 -838061 2.29703e-08 -838058 -2.9969 -2.29703e-08 5.29716e-07 -1.93264e+07 -69.1111 -5.29716e-07 1027.06 3619.83 114483 0.000577701 -11.8152 1150.05 1027.06
60400 -838284 225.535 -838059 2.29618e-08 -838056 -2.98952 -2.29618e-08 5.29521e-07 -1.93263e+07 -68.9411 -5.29521e-07 1008.56 3857.19 114522 0.000577701 -11.7386 1128.42 1008.56
60500 -838279 224.47 -838054 2.29668e-08 -838051 -2.98248 -2.29668e-08 5.29635e-07 -1.93262e+07 -68.7786 -5.29635e-07 1003.8 4826.16 114369 0.000577701 -11.5975 1119.62 1003.8
60600 -838277 234.882 -838042 2.29503e-08 -838039 -2.97628 -2.29503e-08 5.29255e-07 -1.93259e+07 -68.6357 -5.29255e-07 1050.36 5630.51 114450 0.000577701 -11.4726 1175.88 1050.36
60700 -838282 231.218 -838051 2.29521e-08 -838048 -2.9711 -2.29521e-08 5.29297e-07 -1.93261e+07 -68.5163 -5.29297e-07 1033.98 5555.55 114324 0.000577701 -11.3589 1157.15 1033.98
60800 -838280 229.461 -838051 2.29512e-08 -838048 -2.96679 -2.29512e-08 5.29275e-07 -1.93261e+07 -68.4169 -5.29275e-07 1026.12 5438.29 114369 0.000577701 -11.241 1153.36 1026.12
60900 -838277 233.474 -838044 2.29497e-08 -838041 -2.96319 -2.29497e-08 5.29241e-07 -1.9326e+07 -68.3338 -5.29241e-07 1044.06 5549.08 114404 0.000577701 -11.1268 1153.27 1044.06
61000 -838281 230.206 -838051 2.29568e-08 -838048 -2.96042 -2.29568e-08 5.29404e-07 -1.93261e+07 -68.2701 -5.29404e-07 1029.45 4998.19 114344 0.000577701 -10.9794 1159.5 1029.45
61100 -838281 238.836 -838043 2.29541e-08 -838040 -2.9588 -2.29541e-08 5.29343e-07 -1.93259e+07 -68.2327 -5.29343e-07 1068.04 4647.98 114439 0.000577701 -10.8441 1198.89 1068.04
61200 -838280 231.753 -838048 2.299e-08 -838045 -2.95836 -2.299e-08 5.30171e-07 -1.93261e+07 -68.2224 -5.30171e-07 1036.37 5827.49 114417 0.000577701 -10.7182 1149.75 1036.37
61300 -838287 234.119 -838052 2.29367e-08 -838049 -2.95878 -2.29367e-08 5.2894e-07 -1.93262e+07 -68.2322 -5.2894e-07 1046.95 5796.11 114469 0.000577701 -10.5482 1189.3 1046.95
61400 -838276 223.05 -838053 2.2962e-08 -838050 -2.95972 -2.2962e-08 5.29524e-07 -1.93262e+07 -68.2538 -5.29524e-07 997.45 5294.61 114457 0.000577701 -10.4728 1096.29 997.45
61500 -838273 221.077 -838052 2.29718e-08 -838049 -2.96091 -2.29718e-08 5.2975e-07 -1.93262e+07 -68.2813 -5.2975e-07 988.629 4258.27 114459 0.000577701 -10.3171 1094.13 988.629
61600 -838274 226.054 -838048 2.29701e-08 -838045 -2.9622 -2.29701e-08 5.29711e-07 -1.93261e+07 -68.3109 -5.29711e-07 1010.89 4536.69 114555 0.000577701 -10.1719 1151.61 1010.89
61700 -838279 226.792 -838052 2.29662e-08 -838049 -2.9635 -2.29662e-08 5.2962e-07 -1.93262e+07 -68.341 -5.2962e-07 1014.18 4927.96 114357 0.000577701 -10.0709 1124.9 1014.18
61800 -838280 231.958 -838048 2.29612e-08 -838045 -2.9648 -2.29612e-08 5.29505e-07 -1.93261e+07 -68.3709 -5.29505e-07 1037.29 5213.3 114430 0.000577701 -9.93 1156.25 1037.29
61900 -838277 229.477 -838048 2.29762e-08 -838045 -2.96609 -2.29762e-08 5.29853e-07 -1.93261e+07 -68.4007 -5.29853e-07 1026.19 4693.09 114393 0.000577701 -9.80996 1146.06 1026.19
62000 -838271 227 -838044 2.29508e-08 -838041 -2.96736 -2.29508e-08 5.29266e-07 -1.9326e+07 -68.43 -5.29266e-07 1015.12 5242.21 114329 0.000577701 -9.69083 1131.68 1015.12
62100 -838276 232.011 -838044 2.29542e-08 -838041 -2.96862 -2.29542e-08 5.29344e-07 -1.9326e+07 -68.459 -5.29344e-07 1037.52 4898.32 114371 0.000577701 -9.56935 1164.78 1037.52
62200 -838268 233.348 -838035 2.29662e-08 -838032 -2.96986 -2.29662e-08 5.2962e-07 -1.93258e+07 -68.4876 -5.2962e-07 1043.5 5005.93 114409 0.000577701 -9.44628 1172.41 1043.5
62300 -838267 231.539 -838035 2.29591e-08 -838032 -2.97109 -2.29591e-08 5.29459e-07 -1.93258e+07 -68.5159 -5.29459e-07 1035.41 4826.07 114477 0.000577701 -9.32007 1155.61 1035.41
62400 -838258 225.088 -838033 2.29791e-08 -838030 -2.9723 -2.29791e-08 5.29919e-07 -1.93257e+07 -68.5439 -5.29919e-07 1006.57 4353.46 114165 0.000577701 -9.17803 1102.99 1006.57
62500 -838251 207.775 -838043 2.29629e-08 -838040 -2.97348 -2.29629e-08 5.29546e-07 -1.9326e+07 -68.5712 -5.29546e-07 929.144 4776.56 114290 0.000577701 -9.04804 1046.24 929.144
62600 -838252 219.492 -838033 2.29463e-08 -838030 -2.97463 -2.29463e-08 5.29163e-07 -1.93257e+07 -68.5977 -5.29163e-07 981.541 3876.72 114409 0.000577701 -8.95128 1100.41 981.541
62700 -838250 227.262 -838023 2.29538e-08 -838020 -2.97577 -2.29538e-08 5.29336e-07 -1.93255e+07 -68.6239 -5.29336e-07 1016.29 4310.08 114371 0.000577701 -8.8465 1119.04 1016.29
62800 -838247 223.372 -838024 2.29499e-08 -838021 -2.97689 -2.29499e-08 5.29245e-07 -1.93255e+07 -68.6498 -5.29245e-07 998.893 4782.71 114347 0.000577701 -8.66207 1123.62 998.893
62900 -838256 229.481 -838026 2.2957e-08 -838024 -2.97801 -2.2957e-08 5.29409e-07 -1.93256e+07 -68.6756 -5.29409e-07 1026.21 4988.48 114453 0.000577701 -8.6097 1138.41 1026.21
63000 -838240 220.063 -838020 2.29837e-08 -838017 -2.97912 -2.29837e-08 5.30024e-07 -1.93254e+07 -68.7011 -5.30024e-07 984.093 4023.05 114438 0.000577701 -8.45384 1094.85 984.093
63100 -838240 223.907 -838016 2.29748e-08 -838013 -2.98021 -2.29748e-08 5.29818e-07 -1.93253e+07 -68.7264 -5.29818e-07 1001.28 3391.69 114414 0.000577701 -8.35223 1132.36 1001.28
63200 -838231 219.49 -838012 2.29609e-08 -838009 -2.98129 -2.29609e-08 5.29499e-07 -1.93252e+07 -68.7512 -5.29499e-07 981.532 3515.09 114440 0.000577701 -8.23925 1081.31 981.532
63300 -838232 207.767 -838024 2.29684e-08 -838021 -2.98235 -2.29684e-08 5.29673e-07 -1.93255e+07 -68.7756 -5.29673e-07 929.109 4493.04 114417 0.000577701 -8.12108 1027.69 929.109
63400 -838238 213.829 -838024 2.29582e-08 -838021 -2.98338 -2.29582e-08 5.29436e-07 -1.93255e+07 -68.7994 -5.29436e-07 956.217 3897.03 114454 0.000577701 -7.99928 1066.29 956.217
63500 -838233 221.784 -838011 2.29749e-08 -838008 -2.98439 -2.29749e-08 5.29822e-07 -1.93252e+07 -68.8228 -5.29822e-07 991.788 2882.53 114347 0.000577701 -7.89451 1103.72 991.788
63600 -838233 220.164 -838012 2.29428e-08 -838009 -2.9854 -2.29428e-08 5.29082e-07 -1.93253e+07 -68.8459 -5.29082e-07 984.545 2883.47 114352 0.000577701 -7.7261 1096.1 984.545
63700 -838239 226.076 -838012 2.29752e-08 -838010 -2.98639 -2.29752e-08 5.2983e-07 -1.93253e+07 -68.8688 -5.2983e-07 1010.98 2476.92 114461 0.000577701 -7.64382 1127.81 1010.98
63800 -838255 247.831 -838007 2.29441e-08 -838004 -2.98738 -2.29441e-08 5.29112e-07 -1.93251e+07 -68.8917 -5.29112e-07 1108.27 3287.98 114280 0.000577701 -7.55682 1247.12 1108.27
63900 -838237 226.448 -838011 2.29399e-08 -838008 -2.98838 -2.29399e-08 5.29015e-07 -1.93252e+07 -68.9147 -5.29015e-07 1012.65 4238.09 114519 0.000577701 -7.43435 1119.7 1012.65
64000 -838248 230.611 -838018 2.29479e-08 -838015 -2.98937 -2.29479e-08 5.292e-07 -1.93254e+07 -68.9376 -5.292e-07 1031.26 2751.86 114322 0.000577701 -7.29852 1159.47 1031.26
64100 -838225 228.833 -837996 2.29384e-08 -837993 -2.99035 -2.29384e-08 5.28981e-07 -1.93249e+07 -68.9602 -5.28981e-07 1023.31 3752.71 114387 0.000577701 -7.23057 1141.56 1023.31
64200 -838238 234.919 -838003 2.29604e-08 -838000 -2.99132 -2.29604e-08 5.29487e-07 -1.9325e+07 -68.9825 -5.29487e-07 1050.53 3615.98 114399 0.000577701 -7.0978 1171.3 1050.53
64300 -838229 221.621 -838008 2.2969e-08 -838005 -2.99226 -2.2969e-08 5.29687e-07 -1.93251e+07 -69.0042 -5.29687e-07 991.059 3118.4 114475 0.000577701 -6.95628 1117.9 991.059
64400 -838226 227.855 -837998 2.29645e-08 -837995 -2.99314 -2.29645e-08 5.29582e-07 -1.93249e+07 -69.0245 -5.29582e-07 1018.94 3616.18 114399 0.000577701 -6.87459 1121.68 1018.94
64500 -838233 229.839 -838003 2.2991e-08 -838000 -2.99385 -2.2991e-08 5.30193e-07 -1.9325e+07 -69.041 -5.30193e-07 1027.81 4409.24 114325 0.000577701 -6.78944 1144.19 1027.81
64600 -838224 225.813 -837998 2.29647e-08 -837995 -2.99418 -2.29647e-08 5.29586e-07 -1.93249e+07 -69.0484 -5.29586e-07 1009.81 3788.57 114431 0.000577701 -6.68343 1143.97 1009.81
64700 -838236 234.649 -838002 2.29665e-08 -837999 -2.99387 -2.29665e-08 5.29629e-07 -1.9325e+07 -69.0413 -5.29629e-07 1049.32 3083.75 114373 0.000577701 -6.56353 1166.28 1049.32
64800 -838231 233.355 -837997 2.2972e-08 -837994 -2.99248 -2.2972e-08 5.29755e-07 -1.93249e+07 -69.0093 -5.29755e-07 1043.53 4012.5 114205 0.000577701 -6.42623 1165.41 1043.53
64900 -838225 229.774 -837995 2.29713e-08 -837992 -2.98935 -2.29713e-08 5.29739e-07 -1.93248e+07 -68.9372 -5.29739e-07 1027.52 3124.13 114464 0.000577701 -6.34041 1146.89 1027.52
65000 -838211 217.085 -837994 2.29549e-08 -837991 -2.9842 -2.29549e-08 5.2936e-07 -1.93248e+07 -68.8184 -5.2936e-07 970.776 3941.42 114403 0.000577701 -6.23189 1071.27 970.776
65100 -838225 226.724 -837998 2.29412e-08 -837995 -2.97622 -2.29412e-08 5.29045e-07 -1.93249e+07 -68.6343 -5.29045e-07 1013.88 3682.19 114428 0.000577701 -6.10672 1138.29 1013.88
65200 -838210 216.396 -837993 2.29645e-08 -837990 -2.96434 -2.29645e-08 5.29582e-07 -1.93248e+07 -68.3603 -5.29582e-07 967.696 3260.43 114480 0.000577701 -5.97794 1083.59 967.696
65300 -838210 216.084 -837994 2.29703e-08 -837991 -2.9493 -2.29703e-08 5.29716e-07 -1.93248e+07 -68.0135 -5.29716e-07 966.3 1788.42 114461 0.000577701 -5.90788 1065.76 966.3
65400 -838203 213.638 -837989 2.29609e-08 -837986 -2.93109 -2.29609e-08 5.29498e-07 -1.93247e+07 -67.5936 -5.29498e-07 955.363 2316.93 114247 0.000577701 -5.75885 1046.05 955.363
65500 -838207 205.237 -838002 2.29376e-08 -837999 -2.9095 -2.29376e-08 5.28961e-07 -1.9325e+07 -67.0957 -5.28961e-07 917.793 2826.6 114387 0.000577701 -5.63725 1031.24 917.793
65600 -838213 219.532 -837993 2.29764e-08 -837990 -2.88835 -2.29764e-08 5.29857e-07 -1.93248e+07 -66.608 -5.29857e-07 981.718 3956.97 114335 0.000577701 -5.49548 1095.85 981.718
65700 -838204 211.968 -837992 2.29556e-08 -837989 -2.86924 -2.29556e-08 5.29377e-07 -1.93248e+07 -66.1674 -5.29377e-07 947.894 3496.65 114530 0.000577701 -5.34564 1042.83 947.894
65800 -838202 209.369 -837993 2.29678e-08 -837990 -2.8499 -2.29678e-08 5.29659e-07 -1.93248e+07 -65.7213 -5.29659e-07 936.269 3014.13 114256 0.000577701 -5.20645 1045.6 936.269
65900 -838202 215.603 -837986 2.29612e-08 -837983 -2.83183 -2.29612e-08 5.29506e-07 -1.93247e+07 -65.3046 -5.29506e-07 964.149 2775.66 114515 0.000577701 -5.03669 1059.65 964.149
66000 -838200 214.557 -837985 2.29564e-08 -837982 -2.81699 -2.29564e-08 5.29396e-07 -1.93246e+07 -64.9623 -5.29396e-07 959.472 2464.03 114312 0.000577701 -4.86959 1067.09 959.472
66100 -838207 223.279 -837984 2.29365e-08 -837981 -2.80355 -2.29365e-08 5.28937e-07 -1.93246e+07 -64.6525 -5.28937e-07 998.474 2203.1 114348 0.000577701 -4.69666 1128.12 998.474
66200 -838199 218.558 -837980 2.29411e-08 -837977 -2.79119 -2.29411e-08 5.29042e-07 -1.93245e+07 -64.3673 -5.29042e-07 977.365 3795.53 114512 0.000577701 -4.47277 1075.26 977.365
66300 -838193 213.694 -837979 2.29653e-08 -837977 -2.78129 -2.29653e-08 5.296e-07 -1.93245e+07 -64.1392 -5.296e-07 955.614 3490.05 114489 0.000577701 -4.27115 1055.04 955.614
66400 -838200 205.736 -837994 2.29515e-08 -837991 -2.77907 -2.29515e-08 5.29283e-07 -1.93248e+07 -64.0878 -5.29283e-07 920.025 1285.11 114356 0.000577701 -4.11512 1023.92 920.025
66500 -838187 203.987 -837983 2.29661e-08 -837980 -2.77898 -2.29661e-08 5.29619e-07 -1.93246e+07 -64.0857 -5.29619e-07 912.204 1759.45 114466 0.000577701 -3.9539 1006.25 912.204
66600 -838196 218.5 -837977 2.29637e-08 -837974 -2.76492 -2.29637e-08 5.29565e-07 -1.93244e+07 -63.7615 -5.29565e-07 977.106 1516.56 114337 0.000577701 -3.77148 1086.97 977.106
66700 -838181 207.933 -837973 2.29757e-08 -837971 -2.76126 -2.29757e-08 5.2984e-07 -1.93244e+07 -63.6772 -5.2984e-07 929.848 2172.05 114383 0.000577701 -3.57515 1031.31 929.848
66800 -838189 210.297 -837979 2.29721e-08 -837976 -2.76219 -2.29721e-08 5.29758e-07 -1.93245e+07 -63.6987 -5.29758e-07 940.423 2890.05 114416 0.000577701 -3.39714 1041.07 940.423
66900 -838197 219.366 -837978 2.29613e-08 -837975 -2.74129 -2.29613e-08 5.29508e-07 -1.93245e+07 -63.2167 -5.29508e-07 980.977 3097.9 114393 0.000577701 -3.2331 1085.85 980.977
67000 -838177 202.3 -837975 2.29451e-08 -837972 -2.72296 -2.29451e-08 5.29134e-07 -1.93244e+07 -62.7939 -5.29134e-07 904.658 3330.41 114380 0.000577701 -3.07946 1005.87 904.658
67100 -838175 210.578 -837964 2.29793e-08 -837962 -2.70716 -2.29793e-08 5.29924e-07 -1.93242e+07 -62.4296 -5.29924e-07 941.679 4625.55 114436 0.000577701 -2.90349 1041.38 941.679
67200 -838172 210.311 -837961 2.29586e-08 -837959 -2.69035 -2.29586e-08 5.29446e-07 -1.93241e+07 -62.0418 -5.29446e-07 940.483 4181.96 114389 0.000577701 -2.71649 1041.85 940.483
67300 -838180 214.601 -837965 2.2973e-08 -837963 -2.66439 -2.2973e-08 5.29779e-07 -1.93242e+07 -61.4432 -5.29779e-07 959.668 3756.33 114506 0.000577701 -2.49608 1075.08 959.668
67400 -838162 198.68 -837964 2.29697e-08 -837961 -2.63742 -2.29697e-08 5.29702e-07 -1.93241e+07 -60.8213 -5.29702e-07 888.473 3557.63 114424 0.000577701 -2.32536 966.861 888.473
67500 -838172 207.843 -837965 2.29525e-08 -837962 -2.53333 -2.29525e-08 5.29305e-07 -1.93242e+07 -58.4209 -5.29305e-07 929.446 2659.74 114488 0.000577701 -2.0629 1027.84 929.446
67600 -838174 210.565 -837963 695.778 -837961 -698.418 -695.778 16045.3 -1.93241e+07 -16106.1 -16045.3 941.618 2747.68 114713 0.000577701 -1.96079 1054.32 941.618
67700 -838181 217.98 -837963 695.755 -837960 -698.456 -695.755 16044.7 -1.93241e+07 -16107 -16044.7 974.779 4047.64 114515 0.000577701 -1.99981 1077.86 974.779
67800 -838177 210.555 -837967 2.29391e-08 -837964 -2.54535 -2.29391e-08 5.28997e-07 -1.93242e+07 -58.6982 -5.28997e-07 941.575 3649.99 114376 0.000577701 -2.09688 1044.56 941.575
67900 -838189 220.697 -837969 2.29599e-08 -837966 -2.63525 -2.29599e-08 5.29477e-07 -1.93243e+07 -60.7712 -5.29477e-07 986.929 2356.41 114368 0.000577701 -2.35119 1096.66 986.929
68000 -838184 221.408 -837962 2.29651e-08 -837960 -2.65918 -2.29651e-08 5.29595e-07 -1.93241e+07 -61.323 -5.29595e-07 990.109 2418.49 114414 0.000577701 -2.49911 1090.95 990.109
68100 -838184 223.624 -837960 2.29681e-08 -837958 -2.67923 -2.29681e-08 5.29665e-07 -1.93241e+07 -61.7855 -5.29665e-07 1000.02 3037.38 114216 0.000577701 -2.68822 1124.21 1000.02
68200 -838172 213.173 -837959 2.29687e-08 -837956 -2.69848 -2.29687e-08 5.29679e-07 -1.9324e+07 -62.2294 -5.29679e-07 953.28 3591 114273 0.000577701 -2.83976 1066.6 953.28
68300 -838163 214.335 -837949 2.29563e-08 -837946 -2.70344 -2.29563e-08 5.29392e-07 -1.93238e+07 -62.3437 -5.29392e-07 958.478 3891.41 114624 0.000577701 -3.00482 1051.7 958.478
68400 -838158 210.926 -837947 2.29367e-08 -837944 -2.70469 -2.29367e-08 5.28941e-07 -1.93238e+07 -62.3726 -5.28941e-07 943.232 3090.22 114528 0.000577701 -3.11903 1038.25 943.232
68500 -838156 201.137 -837955 2.29548e-08 -837952 -2.73152 -2.29548e-08 5.29358e-07 -1.93239e+07 -62.9914 -5.29358e-07 899.459 3701.07 114503 0.000577701 -3.29973 1004.2 899.459
68600 -838161 209.862 -837951 2.29806e-08 -837949 -2.71962 -2.29806e-08 5.29952e-07 -1.93239e+07 -62.7168 -5.29952e-07 938.476 4659.93 114363 0.000577701 -3.42404 1040.15 938.476
68700 -838153 200.633 -837953 2.29569e-08 -837950 -2.70453 -2.29569e-08 5.29407e-07 -1.93239e+07 -62.3689 -5.29407e-07 897.203 3064.14 114479 0.000577701 -3.58325 989.703 897.203
68800 -838160 211.551 -837948 2.29346e-08 -837946 -2.71256 -2.29346e-08 5.28892e-07 -1.93238e+07 -62.5541 -5.28892e-07 946.03 3475.8 114352 0.000577701 -3.756 1051.99 946.03
68900 -838160 217.988 -837942 2.29751e-08 -837940 -2.70446 -2.29751e-08 5.29827e-07 -1.93236e+07 -62.3673 -5.29827e-07 974.813 2306.36 114365 0.000577701 -3.94927 1068.05 974.813
69000 -838163 212.783 -837950 2.29509e-08 -837947 -2.69276 -2.29509e-08 5.29269e-07 -1.93238e+07 -62.0974 -5.29269e-07 951.54 2514.57 114401 0.000577701 -4.21213 1060.49 951.54
69100 -838151 200.828 -837950 2.29621e-08 -837947 -2.68494 -2.29621e-08 5.29527e-07 -1.93238e+07 -61.9172 -5.29527e-07 898.078 3049.57 114311 0.000577701 -4.40155 1005.78 898.078
69200 -838153 207.092 -837946 2.29592e-08 -837943 -2.68206 -2.29592e-08 5.29461e-07 -1.93237e+07 -61.8507 -5.29461e-07 926.087 3667.08 114426 0.000577701 -4.62393 1012.87 926.087
69300 -838155 202.025 -837953 2.29629e-08 -837950 -2.68643 -2.29629e-08 5.29544e-07 -1.93239e+07 -61.9514 -5.29544e-07 903.428 2869.51 114500 0.000577701 -4.82572 991.553 903.428
69400 -838154 199.94 -837954 2.2949e-08 -837951 -2.70104 -2.2949e-08 5.29224e-07 -1.93239e+07 -62.2884 -5.29224e-07 894.105 3323.32 114609 0.000577701 -5.00031 993.886 894.105
69500 -838152 208.616 -837944 2.29603e-08 -837941 -2.73445 -2.29603e-08 5.29486e-07 -1.93237e+07 -63.0589 -5.29486e-07 932.906 4006.44 114317 0.000577701 -5.17461 1028.32 932.906
69600 -838148 203.333 -837945 2.29462e-08 -837942 -2.78133 -2.29462e-08 5.2916e-07 -1.93237e+07 -64.14 -5.2916e-07 909.279 4345.75 114449 0.000577701 -5.32855 1007.62 909.279
69700 -838142 193.366 -837949 2.29726e-08 -837946 -2.82492 -2.29726e-08 5.29769e-07 -1.93238e+07 -65.1451 -5.29769e-07 864.709 3346.17 114434 0.000577701 -5.43183 955.184 864.709
69800 -838142 200.027 -837942 2.29596e-08 -837939 -2.85851 -2.29596e-08 5.2947e-07 -1.93236e+07 -65.9198 -5.2947e-07 894.493 3480.46 114313 0.000577701 -5.55655 979.761 894.493
69900 -838143 195.636 -837947 2.29615e-08 -837944 -2.88 -2.29615e-08 5.29514e-07 -1.93237e+07 -66.4154 -5.29514e-07 874.858 4353.98 114375 0.000577701 -5.65824 963.555 874.858
70000 -838140 194.335 -837945 2.2978e-08 -837942 -2.88829 -2.2978e-08 5.29893e-07 -1.93237e+07 -66.6066 -5.29893e-07 869.04 4663.65 114368 0.000577701 -5.75571 961.752 869.04
70100 -838139 207.27 -837932 2.29549e-08 -837929 -2.89217 -2.29549e-08 5.29361e-07 -1.93234e+07 -66.6961 -5.29361e-07 926.883 5018.6 114473 0.000577701 -5.83092 1020.99 926.883
70200 -838144 206.243 -837937 2.29419e-08 -837934 -2.8979 -2.29419e-08 5.29062e-07 -1.93235e+07 -66.8283 -5.29062e-07 922.294 4264.46 114487 0.000577701 -5.90885 1021.34 922.294
70300 -838139 202.468 -837937 2.29528e-08 -837934 -2.90408 -2.29528e-08 5.29311e-07 -1.93235e+07 -66.9706 -5.29311e-07 905.412 3445.74 114354 0.000577701 -6.01955 1005.1 905.412
70400 -838145 211.039 -837934 2.29563e-08 -837931 -2.9133 -2.29563e-08 5.29394e-07 -1.93234e+07 -67.1833 -5.29394e-07 943.74 2695.91 114285 0.000577701 -6.04804 1035.93 943.74
70500 -838139 205.889 -837933 2.29355e-08 -837930 -2.92715 -2.29355e-08 5.28912e-07 -1.93234e+07 -67.5026 -5.28912e-07 920.71 2641.03 114310 0.000577701 -6.11456 1018.11 920.71
70600 -838134 200.484 -837934 2.2969e-08 -837931 -2.94235 -2.2969e-08 5.29686e-07 -1.93234e+07 -67.8533 -5.29686e-07 896.541 3135.42 114428 0.000577701 -6.17188 994.758 896.541
70700 -838145 217.219 -837927 2.29803e-08 -837924 -2.95886 -2.29803e-08 5.29946e-07 -1.93233e+07 -68.234 -5.29946e-07 971.374 3467.85 114381 0.000577701 -6.21821 1076.24 971.374
70800 -838131 202.214 -837929 2.29488e-08 -837926 -2.97665 -2.29488e-08 5.2922e-07 -1.93233e+07 -68.6442 -5.2922e-07 904.277 2799.53 114467 0.000577701 -6.2247 1000.46 904.277
70900 -838134 203.373 -837931 2.29607e-08 -837928 -2.99264 -2.29607e-08 5.29495e-07 -1.93234e+07 -69.0131 -5.29495e-07 909.457 2829.87 114295 0.000577701 -6.26137 1003.46 909.457
71000 -838126 198.706 -837928 2.29799e-08 -837925 -3.00681 -2.29799e-08 5.29938e-07 -1.93233e+07 -69.3398 -5.29938e-07 888.59 3638.2 114373 0.000577701 -6.288 968.366 888.59
71100 -838122 202.033 -837920 2.29575e-08 -837917 -3.02143 -2.29575e-08 5.29421e-07 -1.93231e+07 -69.6768 -5.29421e-07 903.465 3768.39 114439 0.000577701 -6.31238 1009.59 903.465
71200 -838131 210.364 -837921 2.29446e-08 -837918 -3.03475 -2.29446e-08 5.29123e-07 -1.93231e+07 -69.984 -5.29123e-07 940.722 2860.91 114397 0.000577701 -6.29916 1051.19 940.722
71300 -838134 216.88 -837917 2.29449e-08 -837914 -3.0447 -2.29449e-08 5.29131e-07 -1.9323e+07 -70.2136 -5.29131e-07 969.86 1633.01 114412 0.000577701 -6.33392 1063.01 969.86
71400 -838130 215.491 -837915 2.29623e-08 -837912 -3.05164 -2.29623e-08 5.29531e-07 -1.9323e+07 -70.3737 -5.29531e-07 963.65 1230.43 114338 0.000577701 -6.224 1069.2 963.65
71500 -838128 209.812 -837918 2.29688e-08 -837915 -3.05572 -2.29688e-08 5.29681e-07 -1.93231e+07 -70.4678 -5.29681e-07 938.253 2602.85 114344 0.000577701 -6.18919 1042.61 938.253
71600 -838118 201.501 -837916 2.29698e-08 -837913 -3.05786 -2.29698e-08 5.29705e-07 -1.9323e+07 -70.517 -5.29705e-07 901.087 2964.94 114383 0.000577701 -6.16486 993.333 901.087
71700 -838113 200.621 -837913 2.29345e-08 -837910 -3.05902 -2.29345e-08 5.28891e-07 -1.93229e+07 -70.5438 -5.28891e-07 897.15 1522.09 114388 0.000577701 -6.10816 997.848 897.15
71800 -838110 203.774 -837907 2.29473e-08 -837904 -3.05955 -2.29473e-08 5.29184e-07 -1.93228e+07 -70.5559 -5.29184e-07 911.25 1675.28 114351 0.000577701 -6.10326 1003.28 911.25
71900 -838118 214.699 -837903 2.29726e-08 -837900 -3.05983 -2.29726e-08 5.2977e-07 -1.93227e+07 -70.5625 -5.2977e-07 960.108 2263.61 114458 0.000577701 -6.07195 1049.56 960.108
72000 -838107 199.753 -837907 2.29435e-08 -837904 -3.05997 -2.29435e-08 5.29097e-07 -1.93228e+07 -70.5657 -5.29097e-07 893.271 2511.67 114518 0.000577701 -6.11598 994.195 893.271
72100 -838117 209.214 -837908 2.29654e-08 -837905 -3.06011 -2.29654e-08 5.29602e-07 -1.93228e+07 -70.569 -5.29602e-07 935.577 1297.18 114369 0.000577701 -6.04364 1047.39 935.577
72200 -838112 209.284 -837903 2.2946e-08 -837899 -3.06037 -2.2946e-08 5.29154e-07 -1.93227e+07 -70.575 -5.29154e-07 935.893 2017.99 114392 0.000577701 -5.99293 1025.94 935.893
72300 -838101 189.972 -837911 2.2945e-08 -837908 -3.06051 -2.2945e-08 5.29133e-07 -1.93229e+07 -70.578 -5.29133e-07 849.53 1326.84 114291 0.000577701 -5.93499 929.051 849.53
72400 -838111 194.239 -837916 2.2944e-08 -837913 -3.06065 -2.2944e-08 5.29109e-07 -1.9323e+07 -70.5813 -5.29109e-07 868.61 1008.75 114499 0.000577701 -5.92809 962.775 868.61
72500 -838112 195.954 -837916 2.2968e-08 -837913 -3.06095 -2.2968e-08 5.29663e-07 -1.9323e+07 -70.5884 -5.29663e-07 876.282 1427.7 114403 0.000577701 -5.90556 957.806 876.282
72600 -838106 198.906 -837907 2.29749e-08 -837904 -3.06109 -2.29749e-08 5.29821e-07 -1.93228e+07 -70.5915 -5.29821e-07 889.483 1731.45 114249 0.000577701 -5.8714 987.903 889.483
72700 -838118 206.121 -837912 2.29478e-08 -837909 -3.0612 -2.29478e-08 5.29198e-07 -1.93229e+07 -70.594 -5.29198e-07 921.746 851.001 114339 0.000577701 -5.83014 1024.64 921.746
72800 -838110 203.613 -837906 2.29771e-08 -837903 -3.06154 -2.29771e-08 5.29872e-07 -1.93228e+07 -70.6018 -5.29872e-07 910.529 1501.96 114397 0.000577701 -5.83764 991.215 910.529
72900 -838117 209.331 -837908 2.29562e-08 -837905 -3.06169 -2.29562e-08 5.29391e-07 -1.93228e+07 -70.6053 -5.29391e-07 936.1 2483.52 114265 0.000577701 -5.82265 1043.33 936.1
73000 -838116 209.84 -837906 2.29601e-08 -837903 -3.06175 -2.29601e-08 5.29482e-07 -1.93228e+07 -70.6067 -5.29482e-07 938.379 3111 114315 0.000577701 -5.76348 1043.3 938.379
73100 -838104 205.613 -837899 2.29507e-08 -837896 -3.06212 -2.29507e-08 5.29265e-07 -1.93226e+07 -70.6153 -5.29265e-07 919.473 3094.25 114245 0.000577701 -5.7191 1009.02 919.473
73200 -838100 194.193 -837905 2.2986e-08 -837902 -3.0623 -2.2986e-08 5.30077e-07 -1.93228e+07 -70.6193 -5.30077e-07 868.406 2982.65 114381 0.000577701 -5.72662 960.012 868.406
73300 -838101 195.954 -837905 2.29768e-08 -837902 -3.0623 -2.29768e-08 5.29867e-07 -1.93228e+07 -70.6193 -5.29867e-07 876.281 3662.54 114181 0.000577701 -5.73487 965.971 876.281
73400 -838107 205.589 -837901 2.2953e-08 -837898 -3.06269 -2.2953e-08 5.29316e-07 -1.93227e+07 -70.6283 -5.29316e-07 919.365 3561.98 114271 0.000577701 -5.71616 1009.46 919.365
73500 -838089 196.974 -837892 2.29669e-08 -837889 -3.06288 -2.29669e-08 5.29638e-07 -1.93225e+07 -70.6328 -5.29638e-07 880.842 2968.9 114530 0.000577701 -5.69596 971.88 880.842
73600 -838085 189.597 -837895 2.29641e-08 -837892 -3.06281 -2.29641e-08 5.29572e-07 -1.93225e+07 -70.6311 -5.29572e-07 847.855 1465.53 114335 0.000577701 -5.65826 933.779 847.855
73700 -838100 200.908 -837900 2.29411e-08 -837896 -3.0632 -2.29411e-08 5.29042e-07 -1.93226e+07 -70.6402 -5.29042e-07 898.433 1862.75 114373 0.000577701 -5.62713 990.998 898.433
73800 -838109 204.97 -837904 2.29762e-08 -837901 -3.06343 -2.29762e-08 5.29853e-07 -1.93227e+07 -70.6454 -5.29853e-07 916.599 1890.54 114484 0.000577701 -5.61135 1015.68 916.599
73900 -838103 200.951 -837902 2.29587e-08 -837899 -3.06327 -2.29587e-08 5.29447e-07 -1.93227e+07 -70.6419 -5.29447e-07 898.629 1739.54 114482 0.000577701 -5.58528 991.853 898.629
74000 -838100 208.306 -837892 2.29483e-08 -837889 -3.06365 -2.29483e-08 5.29209e-07 -1.93225e+07 -70.6505 -5.29209e-07 931.518 2596.58 114304 0.000577701 -5.60097 1019.44 931.518
74100 -838094 198.512 -837895 2.29692e-08 -837892 -3.06389 -2.29692e-08 5.2969e-07 -1.93225e+07 -70.6561 -5.2969e-07 887.718 3037.55 114297 0.000577701 -5.58968 989.415 887.718
74200 -838095 199.164 -837895 2.29232e-08 -837892 -3.06367 -2.29232e-08 5.28629e-07 -1.93226e+07 -70.6509 -5.28629e-07 890.634 2794.32 114454 0.000577701 -5.59268 991.223 890.634
74300 -838096 206.595 -837889 2.29691e-08 -837886 -3.06401 -2.29691e-08 5.29688e-07 -1.93224e+07 -70.6588 -5.29688e-07 923.868 1616.42 114479 0.000577701 -5.56442 1007.22 923.868
74400 -838098 203.935 -837894 2.29515e-08 -837891 -3.06427 -2.29515e-08 5.29282e-07 -1.93225e+07 -70.6649 -5.29282e-07 911.972 2942.1 114422 0.000577701 -5.54044 1012.26 911.972
74500 -838078 187.82 -837890 2.29341e-08 -837887 -3.06396 -2.29341e-08 5.2888e-07 -1.93224e+07 -70.6578 -5.2888e-07 839.909 3552.91 114373 0.000577701 -5.54622 917.233 839.909
74600 -838074 185.644 -837888 2.29334e-08 -837885 -3.06424 -2.29334e-08 5.28865e-07 -1.93224e+07 -70.6641 -5.28865e-07 830.175 4005.99 114444 0.000577701 -5.5229 908.328 830.175
74700 -838084 194.81 -837889 2.29547e-08 -837886 -3.06453 -2.29547e-08 5.29355e-07 -1.93224e+07 -70.6708 -5.29355e-07 871.167 3024.07 114347 0.000577701 -5.59594 973.84 871.167
74800 -838084 192.336 -837891 2.29507e-08 -837888 -3.06416 -2.29507e-08 5.29264e-07 -1.93225e+07 -70.6623 -5.29264e-07 860.1 2143.81 114515 0.000577701 -5.50719 935.715 860.1
74900 -838085 191.913 -837893 2.29693e-08 -837890 -3.06437 -2.29693e-08 5.29692e-07 -1.93225e+07 -70.6672 -5.29692e-07 858.209 2460.44 114410 0.000577701 -5.52343 930.783 858.209
75000 -838078 183.962 -837894 2.29325e-08 -837891 -3.06466 -2.29325e-08 5.28844e-07 -1.93225e+07 -70.6737 -5.28844e-07 822.652 3134.58 114323 0.000577701 -5.51451 912.13 822.652
75100 -838076 186.111 -837890 2.29798e-08 -837887 -3.06422 -2.29798e-08 5.29934e-07 -1.93224e+07 -70.6637 -5.29934e-07 832.265 4451.03 114475 0.000577701 -5.50388 919.416 832.265
75200 -838081 193.73 -837888 2.29585e-08 -837885 -3.06437 -2.29585e-08 5.29443e-07 -1.93224e+07 -70.6671 -5.29443e-07 866.337 4849.45 114472 0.000577701 -5.52664 946.39 866.337
75300 -838084 195.603 -837888 2.29557e-08 -837885 -3.06465 -2.29557e-08 5.2938e-07 -1.93224e+07 -70.6735 -5.2938e-07 874.71 3524.51 114321 0.000577701 -5.51432 961.841 874.71
75400 -838086 198.472 -837888 2.29775e-08 -837885 -3.0642 -2.29775e-08 5.29883e-07 -1.93224e+07 -70.6632 -5.29883e-07 887.542 2574.76 114529 0.000577701 -5.57528 982.132 887.542
75500 -838081 198.396 -837883 2.29671e-08 -837880 -3.06426 -2.29671e-08 5.29642e-07 -1.93223e+07 -70.6647 -5.29642e-07 887.2 1381.83 114488 0.000577701 -5.53279 969.598 887.2
75600 -838083 202.349 -837881 2.29382e-08 -837877 -3.06451 -2.29382e-08 5.28975e-07 -1.93222e+07 -70.6704 -5.28975e-07 904.879 914.167 114390 0.000577701 -5.53477 1011.33 904.879
75700 -838084 198.441 -837886 2.29496e-08 -837883 -3.06406 -2.29496e-08 5.29238e-07 -1.93223e+07 -70.66 -5.29238e-07 887.404 986.886 114415 0.000577701 -5.52193 982.592 887.404
75800 -838089 202.755 -837886 2.29473e-08 -837883 -3.06406 -2.29473e-08 5.29185e-07 -1.93223e+07 -70.6599 -5.29185e-07 906.694 2436.34 114471 0.000577701 -5.55127 980.57 906.694
75900 -838097 204.196 -837892 2.29628e-08 -837889 -3.06428 -2.29628e-08 5.29543e-07 -1.93225e+07 -70.665 -5.29543e-07 913.139 1890.39 114396 0.000577701 -5.58932 1023.04 913.139
76000 -838081 196.59 -837884 2.29721e-08 -837881 -3.06384 -2.29721e-08 5.29758e-07 -1.93223e+07 -70.655 -5.29758e-07 879.124 1867.28 114384 0.000577701 -5.57148 969.448 879.124
76100 -838078 193.89 -837884 2.29617e-08 -837881 -3.06377 -2.29617e-08 5.29518e-07 -1.93223e+07 -70.6534 -5.29518e-07 867.052 1842.46 114270 0.000577701 -5.58568 944.5 867.052
76200 -838068 193.238 -837875 2.2969e-08 -837872 -3.06396 -2.2969e-08 5.29685e-07 -1.93221e+07 -70.6578 -5.29685e-07 864.136 1764.43 114271 0.000577701 -5.60363 961.307 864.136
76300 -838078 203.388 -837875 2.29647e-08 -837872 -3.06356 -2.29647e-08 5.29586e-07 -1.93221e+07 -70.6484 -5.29586e-07 909.526 1545.15 114318 0.000577701 -5.61801 1001.7 909.526
76400 -838072 194.597 -837877 2.29717e-08 -837874 -3.06345 -2.29717e-08 5.29748e-07 -1.93221e+07 -70.6459 -5.29748e-07 870.212 1020.26 114431 0.000577701 -5.63104 953.36 870.212
76500 -838062 190.645 -837871 2.29603e-08 -837868 -3.06361 -2.29603e-08 5.29485e-07 -1.9322e+07 -70.6495 -5.29485e-07 852.538 1878.56 114585 0.000577701 -5.64454 940.884 852.538
76600 -838068 196.888 -837871 2.29562e-08 -837868 -3.06324 -2.29562e-08 5.29389e-07 -1.9322e+07 -70.641 -5.29389e-07 880.459 1822.8 114334 0.000577701 -5.66181 971.195 880.459
76700 -838074 190.602 -837883 2.29448e-08 -837880 -3.0631 -2.29448e-08 5.29127e-07 -1.93223e+07 -70.6379 -5.29127e-07 852.348 2026.91 114520 0.000577701 -5.67844 935.954 852.348
76800 -838077 201.565 -837876 2.29885e-08 -837872 -3.06323 -2.29885e-08 5.30137e-07 -1.93221e+07 -70.6408 -5.30137e-07 901.374 1572.63 114339 0.000577701 -5.71844 998.444 901.374
76900 -838090 214.079 -837876 2.29524e-08 -837873 -3.06291 -2.29524e-08 5.29302e-07 -1.93221e+07 -70.6335 -5.29302e-07 957.334 602.946 114387 0.000577701 -5.7095 1064.71 957.334
77000 -838075 210.184 -837865 2.29641e-08 -837862 -3.06277 -2.29641e-08 5.29573e-07 -1.93219e+07 -70.6303 -5.29573e-07 939.918 1596.89 114372 0.000577701 -5.72338 1028.14 939.918
77100 -838078 205.864 -837873 2.29679e-08 -837870 -3.06286 -2.29679e-08 5.2966e-07 -1.9322e+07 -70.6322 -5.2966e-07 920.595 1059.57 114427 0.000577701 -5.76503 1027.32 920.595
77200 -838064 190.098 -837874 2.29551e-08 -837871 -3.06259 -2.29551e-08 5.29366e-07 -1.9322e+07 -70.6261 -5.29366e-07 850.093 1085.07 114300 0.000577701 -5.75759 943.561 850.093
77300 -838054 181.547 -837872 2.29625e-08 -837869 -3.06246 -2.29625e-08 5.29537e-07 -1.9322e+07 -70.623 -5.29537e-07 811.853 414.952 114419 0.000577701 -5.78808 872.907 811.853
77400 -838060 193.441 -837867 2.296e-08 -837863 -3.06252 -2.296e-08 5.29479e-07 -1.93219e+07 -70.6244 -5.29479e-07 865.042 746.163 114244 0.000577701 -5.80069 960.63 865.042
77500 -838067 199.874 -837867 2.29565e-08 -837864 -3.06231 -2.29565e-08 5.29398e-07 -1.93219e+07 -70.6195 -5.29398e-07 893.812 1350.68 114373 0.000577701 -5.82423 977.79 893.812
77600 -838061 188.74 -837872 2.29407e-08 -837869 -3.06217 -2.29407e-08 5.29034e-07 -1.9322e+07 -70.6165 -5.29034e-07 844.022 1653.44 114415 0.000577701 -5.83778 926.181 844.022
77700 -838063 187.48 -837876 2.29464e-08 -837873 -3.06221 -2.29464e-08 5.29166e-07 -1.93221e+07 -70.6174 -5.29166e-07 838.387 1749.08 114400 0.000577701 -5.90082 940.052 838.387
77800 -838070 199.152 -837871 2.29707e-08 -837868 -3.06205 -2.29707e-08 5.29726e-07 -1.9322e+07 -70.6136 -5.29726e-07 890.582 1924.83 114225 0.000577701 -5.86071 968.391 890.582
77900 -838061 193.593 -837867 2.29347e-08 -837864 -3.06194 -2.29347e-08 5.28895e-07 -1.93219e+07 -70.611 -5.28895e-07 865.725 1899.15 114404 0.000577701 -5.91084 945.3 865.725
78000 -838054 194.713 -837859 2.29555e-08 -837856 -3.06196 -2.29555e-08 5.29374e-07 -1.93217e+07 -70.6116 -5.29374e-07 870.732 2216.11 114318 0.000577701 -5.98331 969.237 870.732
78100 -838047 194.705 -837853 2.2955e-08 -837849 -3.06184 -2.2955e-08 5.29364e-07 -1.93216e+07 -70.6087 -5.29364e-07 870.694 1880.05 114312 0.000577701 -5.96584 962.171 870.694
78200 -838056 202.421 -837854 2.29934e-08 -837850 -3.06175 -2.29934e-08 5.30249e-07 -1.93216e+07 -70.6066 -5.30249e-07 905.199 927.561 114450 0.000577701 -5.98473 998.741 905.199
78300 -838045 191.362 -837854 2.29633e-08 -837851 -3.06176 -2.29633e-08 5.29554e-07 -1.93216e+07 -70.607 -5.29554e-07 855.746 1036.22 114528 0.000577701 -6.00939 940.111 855.746
78400 -838053 197.593 -837855 2.29804e-08 -837852 -3.06167 -2.29804e-08 5.29948e-07 -1.93216e+07 -70.605 -5.29948e-07 883.612 1012.07 114297 0.000577701 -6.03409 973.264 883.612
78500 -838054 211.673 -837842 2.29518e-08 -837839 -3.0616 -2.29518e-08 5.2929e-07 -1.93213e+07 -70.6034 -5.2929e-07 946.573 3408.68 114327 0.000577701 -6.09167 1041.25 946.573
78600 -838052 199.333 -837853 2.29515e-08 -837850 -3.06162 -2.29515e-08 5.29282e-07 -1.93216e+07 -70.6036 -5.29282e-07 891.393 3728.24 114330 0.000577701 -6.09228 999.462 891.393
78700 -838043 195.114 -837848 2.29565e-08 -837845 -3.06156 -2.29565e-08 5.29398e-07 -1.93215e+07 -70.6023 -5.29398e-07 872.522 2372.95 114507 0.000577701 -6.11119 963.311 872.522
78800 -838046 203.087 -837843 2.29672e-08 -837840 -3.06151 -2.29672e-08 5.29645e-07 -1.93213e+07 -70.6012 -5.29645e-07 908.181 2623.6 114484 0.000577701 -6.13537 980.971 908.181
78900 -838046 196.453 -837850 2.2933e-08 -837847 -3.06152 -2.2933e-08 5.28856e-07 -1.93215e+07 -70.6014 -5.28856e-07 878.513 2346.03 114301 0.000577701 -6.13744 988.418 878.513
79000 -838038 193.563 -837845 2.29634e-08 -837842 -3.06149 -2.29634e-08 5.29557e-07 -1.93214e+07 -70.6007 -5.29557e-07 865.59 3174.38 114492 0.000577701 -6.19228 949.302 865.59
79100 -838053 209.236 -837843 2.29763e-08 -837840 -3.06146 -2.29763e-08 5.29853e-07 -1.93214e+07 -70.6 -5.29853e-07 935.674 2714.85 114422 0.000577701 -6.22565 1028.09 935.674
79200 -838057 210.821 -837846 2.29628e-08 -837843 -3.06147 -2.29628e-08 5.29542e-07 -1.93214e+07 -70.6002 -5.29542e-07 942.765 3386.7 114348 0.000577701 -6.24605 1062.78 942.765
79300 -838064 215.21 -837849 2.29589e-08 -837846 -3.06146 -2.29589e-08 5.29452e-07 -1.93215e+07 -70.6 -5.29452e-07 962.391 2321.24 114334 0.000577701 -6.23415 1059.26 962.391
79400 -838056 198.199 -837858 2.29397e-08 -837855 -3.06144 -2.29397e-08 5.29009e-07 -1.93217e+07 -70.5997 -5.29009e-07 886.319 2886.62 114480 0.000577701 -6.27107 976.509 886.319
79500 -838055 199.221 -837856 2.29474e-08 -837853 -3.06146 -2.29474e-08 5.29187e-07 -1.93216e+07 -70.6 -5.29187e-07 890.892 3024.89 114222 0.000577701 -6.2953 990.362 890.892
79600 -838061 201.273 -837860 2.29754e-08 -837857 -3.06146 -2.29754e-08 5.29834e-07 -1.93217e+07 -70.6001 -5.29834e-07 900.065 2687.66 114447 0.000577701 -6.35627 992.109 900.065
79700 -838056 206.452 -837849 2.29396e-08 -837846 -3.06146 -2.29396e-08 5.29008e-07 -1.93215e+07 -70.6001 -5.29008e-07 923.227 3837.97 114369 0.000577701 -6.37539 1020.34 923.227
79800 -838056 205.136 -837851 2.29652e-08 -837848 -3.06148 -2.29652e-08 5.29598e-07 -1.93215e+07 -70.6006 -5.29598e-07 917.339 3277.97 114341 0.000577701 -6.41049 1019.41 917.339
79900 -838061 203.954 -837857 2.29297e-08 -837854 -3.0615 -2.29297e-08 5.2878e-07 -1.93217e+07 -70.6009 -5.2878e-07 912.057 3177.58 114572 0.000577701 -6.41804 1012.72 912.057
80000 -838063 219.71 -837844 2.29872e-08 -837840 -3.06151 -2.29872e-08 5.30106e-07 -1.93214e+07 -70.6012 -5.30106e-07 982.517 3417.02 114342 0.000577701 -6.43061 1077.8 982.517
80100 -838058 212.765 -837845 2.29654e-08 -837842 -3.06154 -2.29654e-08 5.29604e-07 -1.93214e+07 -70.6018 -5.29604e-07 951.457 3290.33 114413 0.000577701 -6.4702 1065.4 951.457
80200 -838060 212.978 -837847 2.29627e-08 -837844 -3.06156 -2.29627e-08 5.2954e-07 -1.93214e+07 -70.6024 -5.2954e-07 952.41 3412.32 114552 0.000577701 -6.48256 1067.68 952.41
80300 -838062 212.739 -837849 2.29771e-08 -837846 -3.06158 -2.29771e-08 5.29872e-07 -1.93215e+07 -70.6028 -5.29872e-07 951.34 2055.84 114371 0.000577701 -6.53594 1040.51 951.34
80400 -838064 209.689 -837854 2.29729e-08 -837851 -3.06159 -2.29729e-08 5.29776e-07 -1.93216e+07 -70.6031 -5.29776e-07 937.702 720.053 114367 0.000577701 -6.52622 1053.18 937.702
80500 -838056 201.466 -837855 2.29836e-08 -837852 -3.0616 -2.29836e-08 5.30022e-07 -1.93216e+07 -70.6033 -5.30022e-07 900.929 1549.24 114439 0.000577701 -6.60291 984.375 900.929
80600 -838054 201.277 -837852 2.29534e-08 -837849 -3.06159 -2.29534e-08 5.29327e-07 -1.93216e+07 -70.603 -5.29327e-07 900.084 2351.69 114391 0.000577701 -6.5974 993.791 900.084
80700 -838061 207.61 -837853 2.29572e-08 -837850 -3.06154 -2.29572e-08 5.29415e-07 -1.93216e+07 -70.6019 -5.29415e-07 928.403 1865.94 114434 0.000577701 -6.65307 1052.41 928.403
80800 -838065 215.232 -837850 2.29502e-08 -837847 -3.06146 -2.29502e-08 5.29252e-07 -1.93215e+07 -70.6 -5.29252e-07 962.488 1553.27 114310 0.000577701 -6.6565 1052.93 962.488
80900 -838060 208.872 -837852 2.29679e-08 -837849 -3.06132 -2.29679e-08 5.2966e-07 -1.93215e+07 -70.5968 -5.2966e-07 934.047 494.127 114424 0.000577701 -6.6861 1032.34 934.047
81000 -838064 206.626 -837857 2.2974e-08 -837854 -3.06109 -2.2974e-08 5.29802e-07 -1.93217e+07 -70.5914 -5.29802e-07 924.004 745.409 114475 0.000577701 -6.68407 1029.61 924.004
81100 -838056 202.834 -837853 2.2984e-08 -837850 -3.06077 -2.2984e-08 5.30031e-07 -1.93216e+07 -70.5841 -5.30031e-07 907.048 1719.58 114417 0.000577701 -6.71845 1003.85 907.048
81200 -838053 201.921 -837851 2.29632e-08 -837848 -3.06033 -2.29632e-08 5.29552e-07 -1.93215e+07 -70.574 -5.29552e-07 902.964 2014.64 114588 0.000577701 -6.74973 1002.34 902.964
81300 -838052 207.363 -837845 2.29661e-08 -837842 -3.05972 -2.29661e-08 5.29618e-07 -1.93214e+07 -70.5599 -5.29618e-07 927.302 1498.08 114343 0.000577701 -6.77409 1025.48 927.302
81400 -838058 213.163 -837845 2.29468e-08 -837842 -3.05895 -2.29468e-08 5.29173e-07 -1.93214e+07 -70.5422 -5.29173e-07 953.236 1019.44 114244 0.000577701 -6.76742 1055.32 953.236
81500 -838053 209.348 -837844 2.29571e-08 -837841 -3.05799 -2.29571e-08 5.29411e-07 -1.93214e+07 -70.5199 -5.29411e-07 936.178 2718.24 114331 0.000577701 -6.78904 1030.63 936.178
81600 -838042 195.275 -837846 2.29757e-08 -837843 -3.05677 -2.29757e-08 5.2984e-07 -1.93214e+07 -70.4918 -5.2984e-07 873.243 2808.21 114424 0.000577701 -6.78208 980.136 873.243
81700 -838052 206.029 -837845 2.29453e-08 -837842 -3.05532 -2.29453e-08 5.29139e-07 -1.93214e+07 -70.4585 -5.29139e-07 921.333 1738.01 114269 0.000577701 -6.80873 1021.73 921.333
81800 -838041 209.825 -837832 2.29596e-08 -837828 -3.05362 -2.29596e-08 5.29469e-07 -1.93211e+07 -70.4192 -5.29469e-07 938.309 1502.58 114370 0.000577701 -6.80996 1019.56 938.309
81900 -838037 186.828 -837850 2.29181e-08 -837847 -3.05162 -2.29181e-08 5.28513e-07 -1.93215e+07 -70.373 -5.28513e-07 835.469 1164.8 114376 0.000577701 -6.84248 940.873 835.469
82000 -838037 196.973 -837840 2.29609e-08 -837837 -3.04937 -2.29609e-08 5.29498e-07 -1.93213e+07 -70.3213 -5.29498e-07 880.84 1709.63 114357 0.000577701 -6.80957 963.643 880.84
82100 -838038 206.518 -837832 2.29579e-08 -837829 -3.04688 -2.29579e-08 5.2943e-07 -1.93211e+07 -70.2639 -5.2943e-07 923.522 1069.84 114418 0.000577701 -6.78912 1017.37 923.522
82200 -838045 209.712 -837835 2.29414e-08 -837832 -3.04414 -2.29414e-08 5.29049e-07 -1.93212e+07 -70.2005 -5.29049e-07 937.806 1448.75 114406 0.000577701 -6.77815 1061.79 937.806
82300 -838043 214.324 -837829 2.2959e-08 -837826 -3.04123 -2.2959e-08 5.29454e-07 -1.9321e+07 -70.1335 -5.29454e-07 958.428 847.896 114372 0.000577701 -6.78926 1047.02 958.428
82400 -838035 200.23 -837835 2.29286e-08 -837832 -3.03819 -2.29286e-08 5.28754e-07 -1.93211e+07 -70.0634 -5.28754e-07 895.401 1656.87 114366 0.000577701 -6.76098 992.609 895.401
82500 -838031 195.789 -837836 2.29765e-08 -837833 -3.035 -2.29765e-08 5.29858e-07 -1.93212e+07 -69.9899 -5.29858e-07 875.543 2149.36 114344 0.000577701 -6.73109 974.619 875.543
82600 -838030 205.714 -837824 2.29855e-08 -837821 -3.03183 -2.29855e-08 5.30066e-07 -1.93209e+07 -69.9167 -5.30066e-07 919.925 569.309 114393 0.000577701 -6.68378 1012.45 919.925
82700 -838031 210.22 -837821 2.29291e-08 -837818 -3.0287 -2.29291e-08 5.28766e-07 -1.93208e+07 -69.8445 -5.28766e-07 940.078 1149.64 114480 0.000577701 -6.6075 1042.4 940.078
82800 -838037 209.755 -837827 2.29677e-08 -837824 -3.02556 -2.29677e-08 5.29656e-07 -1.9321e+07 -69.7721 -5.29656e-07 937.999 2081.06 114591 0.000577701 -6.67261 1046.28 937.999
82900 -838030 201.167 -837828 2.29439e-08 -837825 -3.02266 -2.29439e-08 5.29108e-07 -1.9321e+07 -69.7053 -5.29108e-07 899.594 2221.02 114410 0.000577701 -6.55774 998.906 899.594
83000 -838036 209.4 -837827 2.29486e-08 -837824 -3.02 -2.29486e-08 5.29216e-07 -1.9321e+07 -69.644 -5.29216e-07 936.409 2467.75 114221 0.000577701 -6.44737 1022.92 936.409
83100 -838026 196.551 -837830 2.29662e-08 -837827 -3.01745 -2.29662e-08 5.29622e-07 -1.9321e+07 -69.585 -5.29622e-07 878.951 3155.37 114283 0.000577701 -6.40071 981.458 878.951
83200 -838041 208.171 -837833 2.29525e-08 -837829 -3.01535 -2.29525e-08 5.29306e-07 -1.93211e+07 -69.5367 -5.29306e-07 930.913 2671.2 114271 0.000577701 -6.317 1041.86 930.913
83300 -838047 212.685 -837834 2.29405e-08 -837831 -3.01363 -2.29405e-08 5.29029e-07 -1.93211e+07 -69.4971 -5.29029e-07 951.099 3508.29 114456 0.000577701 -6.23663 1041.3 951.099
83400 -838035 199.278 -837836 2.29395e-08 -837833 -3.01207 -2.29395e-08 5.29006e-07 -1.93212e+07 -69.4611 -5.29006e-07 891.147 2400.59 114452 0.000577701 -6.1398 1002.89 891.147
83500 -838040 204.757 -837835 2.29552e-08 -837832 -3.01107 -2.29552e-08 5.29368e-07 -1.93212e+07 -69.438 -5.29368e-07 915.647 2645.81 114289 0.000577701 -6.10623 999.928 915.647
83600 -838044 209.031 -837835 2.29542e-08 -837832 -3.01047 -2.29542e-08 5.29344e-07 -1.93212e+07 -69.4242 -5.29344e-07 934.762 2831.83 114478 0.000577701 -6.0144 1033.98 934.762
83700 -838040 199.412 -837841 2.29436e-08 -837838 -3.01005 -2.29436e-08 5.291e-07 -1.93213e+07 -69.4146 -5.291e-07 891.746 2581.95 114326 0.000577701 -5.88947 1011.94 891.746
83800 -838039 203.802 -837835 2.29635e-08 -837832 -3.01009 -2.29635e-08 5.29558e-07 -1.93212e+07 -69.4155 -5.29558e-07 911.377 2028.51 114398 0.000577701 -5.78713 991.226 911.377
83900 -838029 192.15 -837836 2.29696e-08 -837833 -3.01051 -2.29696e-08 5.29699e-07 -1.93212e+07 -69.4251 -5.29699e-07 859.27 1673.94 114475 0.000577701 -5.69631 946.47 859.27
84000 -838027 192.013 -837835 2.29664e-08 -837832 -3.01121 -2.29664e-08 5.29626e-07 -1.93212e+07 -69.4412 -5.29626e-07 858.656 1917.48 114501 0.000577701 -5.6081 947.991 858.656
84100 -838037 200.018 -837837 2.29429e-08 -837834 -3.01203 -2.29429e-08 5.29083e-07 -1.93212e+07 -69.46 -5.29083e-07 894.453 1934.54 114434 0.000577701 -5.51145 988.208 894.453
84200 -838033 198.422 -837834 2.2945e-08 -837831 -3.01323 -2.2945e-08 5.29131e-07 -1.93211e+07 -69.4878 -5.29131e-07 887.317 1600.19 114205 0.000577701 -5.39985 989.015 887.317
84300 -838027 194.061 -837833 2.29575e-08 -837830 -3.01502 -2.29575e-08 5.29421e-07 -1.93211e+07 -69.5292 -5.29421e-07 867.814 1177 114377 0.000577701 -5.34238 953.793 867.814
84400 -838034 197.403 -837837 2.29562e-08 -837834 -3.01638 -2.29562e-08 5.2939e-07 -1.93212e+07 -69.5605 -5.2939e-07 882.763 60.1427 114376 0.000577701 -5.29854 972.327 882.763
84500 -838033 202.21 -837831 2.29653e-08 -837828 -3.01816 -2.29653e-08 5.296e-07 -1.93211e+07 -69.6014 -5.296e-07 904.255 309.79 114308 0.000577701 -5.16906 994.032 904.255
84600 -838038 201.502 -837837 2.29568e-08 -837834 -3.02105 -2.29568e-08 5.29405e-07 -1.93212e+07 -69.6681 -5.29405e-07 901.091 173.608 114404 0.000577701 -5.12187 1014.3 901.091
84700 -838035 204.509 -837831 2.30083e-08 -837828 -3.02264 -2.30083e-08 5.30593e-07 -1.93211e+07 -69.7048 -5.30593e-07 914.538 -269.376 114526 0.000577701 -5.00033 1014.98 914.538
84800 -838036 212.494 -837824 2.29681e-08 -837821 -3.02467 -2.29681e-08 5.29666e-07 -1.93209e+07 -69.7515 -5.29666e-07 950.247 -746.821 114418 0.000577701 -4.93626 1037.49 950.247
84900 -838043 204.481 -837838 2.29458e-08 -837835 -3.02866 -2.29458e-08 5.29151e-07 -1.93212e+07 -69.8436 -5.29151e-07 914.414 554.16 114290 0.000577701 -4.89392 1035.12 914.414
85000 -838035 199.603 -837836 2.29604e-08 -837833 -3.03005 -2.29604e-08 5.29488e-07 -1.93212e+07 -69.8757 -5.29488e-07 892.598 1042.54 114330 0.000577701 -4.77735 974.807 892.598
85100 -838025 186.46 -837838 2.29329e-08 -837835 -3.03204 -2.29329e-08 5.28854e-07 -1.93212e+07 -69.9215 -5.28854e-07 833.825 279.347 114519 0.000577701 -4.79949 915.124 833.825
85200 -838031 189.813 -837841 2.29683e-08 -837838 -3.0365 -2.29683e-08 5.29671e-07 -1.93213e+07 -70.0245 -5.29671e-07 848.819 -216.478 114258 0.000577701 -4.70835 956.505 848.819
85300 -838036 205.09 -837831 2.29447e-08 -837828 -3.03687 -2.29447e-08 5.29127e-07 -1.93211e+07 -70.0329 -5.29127e-07 917.135 -328.736 114274 0.000577701 -4.62963 991.684 917.135
85400 -838030 191.838 -837838 2.29581e-08 -837835 -3.03855 -2.29581e-08 5.29435e-07 -1.93212e+07 -70.0717 -5.29435e-07 857.876 -352.852 114443 0.000577701 -4.61956 953.863 857.876
85500 -838031 189.463 -837841 2.29617e-08 -837838 -3.04304 -2.29617e-08 5.29517e-07 -1.93213e+07 -70.1753 -5.29517e-07 847.254 -679.943 114488 0.000577701 -4.56403 941.177 847.254
85600 -838029 193.797 -837835 2.29492e-08 -837832 -3.04212 -2.29492e-08 5.2923e-07 -1.93212e+07 -70.1541 -5.2923e-07 866.633 -604.705 114367 0.000577701 -4.50975 945.99 866.633
85700 -838022 186.821 -837835 2.29465e-08 -837832 -3.04252 -2.29465e-08 5.29168e-07 -1.93212e+07 -70.1631 -5.29168e-07 835.439 399.458 114324 0.000577701 -4.5052 922.089 835.439
85800 -838032 189.509 -837843 2.2961e-08 -837840 -3.04573 -2.2961e-08 5.29502e-07 -1.93213e+07 -70.2374 -5.29502e-07 847.459 16.0903 114441 0.000577701 -4.49684 938.457 847.459
85900 -838030 188.808 -837841 2.29476e-08 -837838 -3.04351 -2.29476e-08 5.29193e-07 -1.93213e+07 -70.1861 -5.29193e-07 844.326 -2043.71 114276 0.000577701 -4.49938 932.693 844.326
86000 -838029 188.713 -837840 2.29598e-08 -837837 -3.04325 -2.29598e-08 5.29473e-07 -1.93213e+07 -70.1801 -5.29473e-07 843.9 -2219.8 114601 0.000577701 -4.4825 914.796 843.9
86100 -838025 183.867 -837841 2.29558e-08 -837838 -3.04523 -2.29558e-08 5.29381e-07 -1.93213e+07 -70.2257 -5.29381e-07 822.231 -2023.12 114296 0.000577701 -4.49929 915.671 822.231
86200 -838023 182.956 -837840 2.29686e-08 -837837 -3.04141 -2.29686e-08 5.29677e-07 -1.93213e+07 -70.1376 -5.29677e-07 818.155 -1437.51 114386 0.000577701 -4.54008 903.445 818.155
86300 -838015 178.986 -837836 2.29508e-08 -837833 -3.03998 -2.29508e-08 5.29267e-07 -1.93212e+07 -70.1047 -5.29267e-07 800.402 -609.396 114477 0.000577701 -4.56579 863.191 800.402
86400 -838016 172.772 -837843 2.29653e-08 -837840 -3.04072 -2.29653e-08 5.29601e-07 -1.93214e+07 -70.1216 -5.29601e-07 772.614 -1081.28 114326 0.000577701 -4.64957 865.205 772.614
86500 -838016 186.954 -837829 2.29673e-08 -837826 -3.03669 -2.29673e-08 5.29647e-07 -1.9321e+07 -70.0288 -5.29647e-07 836.035 -670.364 114373 0.000577701 -4.65674 901.029 836.035
86600 -838020 193.713 -837826 2.29686e-08 -837823 -3.03506 -2.29686e-08 5.29676e-07 -1.9321e+07 -69.9912 -5.29676e-07 866.261 -266.753 114508 0.000577701 -4.69874 951.164 866.261
86700 -838015 179.171 -837835 2.29569e-08 -837832 -3.03465 -2.29569e-08 5.29407e-07 -1.93212e+07 -69.9818 -5.29407e-07 801.228 130.548 114364 0.000577701 -4.74135 905.871 801.228
86800 -838030 202.832 -837828 2.29566e-08 -837825 -3.03096 -2.29566e-08 5.29399e-07 -1.9321e+07 -69.8967 -5.29399e-07 907.039 667.557 114397 0.000577701 -4.79948 985.745 907.039
86900 -838022 186.438 -837836 2.29807e-08 -837833 -3.02939 -2.29807e-08 5.29957e-07 -1.93212e+07 -69.8605 -5.29957e-07 833.728 -262.596 114440 0.000577701 -4.86294 919.638 833.728
87000 -838020 192.438 -837828 2.29504e-08 -837825 -3.02872 -2.29504e-08 5.29257e-07 -1.9321e+07 -69.845 -5.29257e-07 860.556 -694.109 114275 0.000577701 -4.94174 949.172 860.556
87100 -838015 193.129 -837822 2.29594e-08 -837819 -3.02609 -2.29594e-08 5.29465e-07 -1.93209e+07 -69.7843 -5.29465e-07 863.649 -138.71 114377 0.000577701 -5.06096 951.017 863.649
87200 -838018 201.391 -837816 2.2965e-08 -837813 -3.02489 -2.2965e-08 5.29595e-07 -1.93207e+07 -69.7567 -5.29595e-07 900.594 1856.18 114549 0.000577701 -5.07092 1009.24 900.594
87300 -838022 208.025 -837814 2.29427e-08 -837811 -3.02435 -2.29427e-08 5.2908e-07 -1.93207e+07 -69.7443 -5.2908e-07 930.26 2053.34 114431 0.000577701 -5.15509 1029.3 930.26
87400 -838029 206.053 -837823 2.29876e-08 -837820 -3.02276 -2.29876e-08 5.30116e-07 -1.93209e+07 -69.7075 -5.30116e-07 921.444 2836.3 114450 0.000577701 -5.2478 1020.85 921.444
87500 -838025 201.825 -837823 2.2954e-08 -837820 -3.02214 -2.2954e-08 5.29339e-07 -1.93209e+07 -69.6933 -5.29339e-07 902.536 2742.64 114280 0.000577701 -5.31968 991.469 902.536
87600 -838032 210.484 -837822 2.29359e-08 -837819 -3.02196 -2.29359e-08 5.28922e-07 -1.93209e+07 -69.6892 -5.28922e-07 941.258 1809.9 114381 0.000577701 -5.37367 1062.34 941.258
87700 -838024 204.994 -837819 2.29646e-08 -837816 -3.02136 -2.29646e-08 5.29584e-07 -1.93208e+07 -69.6753 -5.29584e-07 916.708 1710.06 114396 0.000577701 -5.49411 1019.72 916.708
87800 -838021 203.517 -837817 2.29546e-08 -837814 -3.02129 -2.29546e-08 5.29353e-07 -1.93208e+07 -69.6736 -5.29353e-07 910.101 1003.28 114316 0.000577701 -5.56509 992.206 910.101
87900 -838034 202.905 -837831 2.2969e-08 -837828 -3.02147 -2.2969e-08 5.29685e-07 -1.93211e+07 -69.6779 -5.29685e-07 907.367 321.922 114339 0.000577701 -5.67859 1023.56 907.367
88000 -838023 199.554 -837823 2.29546e-08 -837820 -3.02167 -2.29546e-08 5.29354e-07 -1.93209e+07 -69.6823 -5.29354e-07 892.379 833.916 114245 0.000577701 -5.7389 973.025 892.379
88100 -838020 194.609 -837826 2.29732e-08 -837823 -3.02209 -2.29732e-08 5.29782e-07 -1.93209e+07 -69.692 -5.29782e-07 870.266 1079.66 114614 0.000577701 -5.81065 964.13 870.266
88200 -838022 199.755 -837822 2.29324e-08 -837819 -3.02271 -2.29324e-08 5.28841e-07 -1.93209e+07 -69.7064 -5.28841e-07 893.276 1211 114360 0.000577701 -5.8988 1008.95 893.276
88300 -838022 202.534 -837820 2.29606e-08 -837817 -3.02351 -2.29606e-08 5.29492e-07 -1.93208e+07 -69.7249 -5.29492e-07 905.706 638.897 114477 0.000577701 -5.96162 976.357 905.706
88400 -838015 184.416 -837830 2.29662e-08 -837827 -3.02439 -2.29662e-08 5.29621e-07 -1.93211e+07 -69.7453 -5.29621e-07 824.687 824.605 114470 0.000577701 -6.04404 920.088 824.687
88500 -838025 198.595 -837827 2.29485e-08 -837824 -3.02547 -2.29485e-08 5.29214e-07 -1.9321e+07 -69.77 -5.29214e-07 888.089 2063.35 114417 0.000577701 -6.14616 988.254 888.089
88600 -838016 191.845 -837824 2.29449e-08 -837821 -3.02676 -2.29449e-08 5.29131e-07 -1.93209e+07 -69.7998 -5.29131e-07 857.906 1612.5 114307 0.000577701 -6.21093 935.163 857.906
88700 -838008 190.141 -837818 2.2957e-08 -837814 -3.02809 -2.2957e-08 5.2941e-07 -1.93208e+07 -69.8304 -5.2941e-07 850.286 1146.19 114421 0.000577701 -6.27975 946.107 850.286
88800 -838009 195.05 -837814 2.29421e-08 -837811 -3.02958 -2.29421e-08 5.29066e-07 -1.93207e+07 -69.8649 -5.29066e-07 872.238 2338.26 114497 0.000577701 -6.33334 965.544 872.238
88900 -838015 194.798 -837820 2.29726e-08 -837817 -3.03127 -2.29726e-08 5.29769e-07 -1.93208e+07 -69.9038 -5.29769e-07 871.112 1869.87 114374 0.000577701 -6.45398 964.746 871.112
89000 -838006 195.476 -837810 2.29444e-08 -837807 -3.03297 -2.29444e-08 5.29118e-07 -1.93206e+07 -69.9431 -5.29118e-07 874.143 1500.71 114438 0.000577701 -6.55175 955.53 874.143
89100 -837998 190.575 -837807 2.29621e-08 -837804 -3.03479 -2.29621e-08 5.29526e-07 -1.93205e+07 -69.985 -5.29526e-07 852.226 1514.34 114485 0.000577701 -6.54505 951.102 852.226
89200 -837994 186.645 -837807 2.29452e-08 -837804 -3.03673 -2.29452e-08 5.29137e-07 -1.93205e+07 -70.0296 -5.29137e-07 834.655 1495.28 114331 0.000577701 -6.60684 918.529 834.655
89300 -838003 195.88 -837807 2.29575e-08 -837804 -3.03865 -2.29575e-08 5.29421e-07 -1.93205e+07 -70.0739 -5.29421e-07 875.951 1517.41 114280 0.000577701 -6.65646 958.157 875.951
89400 -838004 186.514 -837818 2.29899e-08 -837815 -3.04061 -2.29899e-08 5.30167e-07 -1.93208e+07 -70.1193 -5.30167e-07 834.067 1565.38 114293 0.000577701 -6.75561 940.999 834.067
89500 -838002 203.768 -837798 2.29575e-08 -837795 -3.0426 -2.29575e-08 5.29422e-07 -1.93203e+07 -70.1652 -5.29422e-07 911.223 244.319 114352 0.000577701 -6.76423 987.649 911.223
89600 -838002 201.514 -837801 2.29511e-08 -837798 -3.04454 -2.29511e-08 5.29274e-07 -1.93204e+07 -70.2099 -5.29274e-07 901.142 179.869 114430 0.000577701 -6.84115 995.758 901.142
89700 -838003 192.078 -837810 2.29841e-08 -837807 -3.04644 -2.29841e-08 5.30034e-07 -1.93206e+07 -70.2537 -5.30034e-07 858.948 1038.1 114445 0.000577701 -6.85129 975.938 858.948
89800 -838009 202.851 -837806 2.29445e-08 -837803 -3.04829 -2.29445e-08 5.29121e-07 -1.93205e+07 -70.2963 -5.29121e-07 907.121 123.968 114406 0.000577701 -6.86401 985.163 907.121
89900 -837998 180.193 -837818 2.29671e-08 -837815 -3.05004 -2.29671e-08 5.29641e-07 -1.93208e+07 -70.3367 -5.29641e-07 805.798 -206.358 114389 0.000577701 -6.9112 890.967 805.798
90000 -838006 196.26 -837810 2.2948e-08 -837807 -3.0517 -2.2948e-08 5.29202e-07 -1.93206e+07 -70.375 -5.29202e-07 877.648 -256.89 114286 0.000577701 -6.92942 969.151 877.648
90100 -838006 195.628 -837810 2.29497e-08 -837807 -3.05324 -2.29497e-08 5.29241e-07 -1.93206e+07 -70.4106 -5.29241e-07 874.823 70.7342 114303 0.000577701 -6.94471 962.352 874.823
90200 -838004 192.235 -837812 2.29756e-08 -837809 -3.05462 -2.29756e-08 5.29838e-07 -1.93206e+07 -70.4422 -5.29838e-07 859.649 1574.59 114317 0.000577701 -7.00206 963.858 859.649
90300 -837998 188.494 -837809 2.29489e-08 -837806 -3.05576 -2.29489e-08 5.29223e-07 -1.93206e+07 -70.4685 -5.29223e-07 842.922 328.563 114369 0.000577701 -6.97761 925.5 842.922
90400 -837995 178.921 -837817 2.29657e-08 -837814 -3.0566 -2.29657e-08 5.2961e-07 -1.93207e+07 -70.4881 -5.2961e-07 800.113 -623.527 114426 0.000577701 -7.08021 875.689 800.113
90500 -838006 192.155 -837814 2.29727e-08 -837810 -3.05708 -2.29727e-08 5.2977e-07 -1.93207e+07 -70.4989 -5.2977e-07 859.294 -954.126 114314 0.000577701 -7.00746 937.526 859.294
90600 -838010 188.249 -837822 2.29453e-08 -837818 -3.05706 -2.29453e-08 5.29139e-07 -1.93208e+07 -70.4986 -5.29139e-07 841.826 223.876 114351 0.000577701 -7.01182 942.468 841.826
90700 -837991 172.05 -837819 2.29647e-08 -837816 -3.0562 -2.29647e-08 5.29587e-07 -1.93208e+07 -70.4788 -5.29587e-07 769.386 -266.927 114572 0.000577701 -7.03041 844.67 769.386
90800 -837995 190.153 -837805 2.29701e-08 -837802 -3.05387 -2.29701e-08 5.29711e-07 -1.93205e+07 -70.425 -5.29711e-07 850.339 -254.521 114300 0.000577701 -7.0385 922.822 850.339
90900 -837996 185.419 -837811 2.29834e-08 -837808 -3.05013 -2.29834e-08 5.30017e-07 -1.93206e+07 -70.3388 -5.30017e-07 829.172 -969.337 114335 0.000577701 -7.04711 927.287 829.172
91000 -837985 173.057 -837812 2.29446e-08 -837809 -3.04365 -2.29446e-08 5.29122e-07 -1.93206e+07 -70.1893 -5.29122e-07 773.89 -173.143 114215 0.000577701 -7.01751 830.449 773.89
91100 -837998 185.635 -837813 2.29486e-08 -837810 -3.03263 -2.29486e-08 5.29216e-07 -1.93206e+07 -69.9351 -5.29216e-07 830.134 -593.108 114410 0.000577701 -7.06257 920.016 830.134
91200 -837994 188.695 -837805 2.29509e-08 -837802 -3.01728 -2.29509e-08 5.29268e-07 -1.93205e+07 -69.5813 -5.29268e-07 843.819 -1452.43 114458 0.000577701 -6.96851 948.176 843.819
91300 -837987 189.371 -837797 2.29464e-08 -837794 -2.99527 -2.29464e-08 5.29164e-07 -1.93203e+07 -69.0737 -5.29164e-07 846.845 -387.054 114552 0.000577701 -6.92898 907.145 846.845
91400 -837990 189.458 -837801 2.29633e-08 -837798 -2.96183 -2.29633e-08 5.29555e-07 -1.93204e+07 -68.3024 -5.29555e-07 847.231 -7.51683 114526 0.000577701 -6.88594 950.436 847.231
91500 -837989 187.61 -837802 2.29564e-08 -837799 -2.92191 -2.29564e-08 5.29396e-07 -1.93204e+07 -67.3819 -5.29396e-07 838.97 -617.065 114332 0.000577701 -6.79688 926.106 838.97
91600 -837980 179.814 -837800 2.29738e-08 -837797 -2.87977 -2.29738e-08 5.29797e-07 -1.93204e+07 -66.4101 -5.29797e-07 804.105 -44.821 114284 0.000577701 -6.77964 872.045 804.105
91700 -837978 172.439 -837805 2.29655e-08 -837802 -2.82731 -2.29655e-08 5.29605e-07 -1.93205e+07 -65.2003 -5.29605e-07 771.127 -1474.05 114413 0.000577701 -6.64263 855.578 771.127
91800 -837983 176.634 -837807 2.29372e-08 -837804 -2.77004 -2.29372e-08 5.28953e-07 -1.93205e+07 -63.8797 -5.28953e-07 789.883 -557.615 114331 0.000577701 -6.49138 860.914 789.883
91900 -837990 174.934 -837815 2.29313e-08 -837813 -2.72187 -2.29313e-08 5.28817e-07 -1.93207e+07 -62.7687 -5.28817e-07 782.284 206.405 114485 0.000577701 -6.37215 858.439 782.284
92000 -837983 170.744 -837812 2.2945e-08 -837810 -2.68189 -2.2945e-08 5.29132e-07 -1.93206e+07 -61.8469 -5.29132e-07 763.547 96.9907 114390 0.000577701 -6.24833 827.532 763.547
92100 -837980 171.247 -837808 2.29699e-08 -837806 -2.6459 -2.29699e-08 5.29707e-07 -1.93206e+07 -61.0167 -5.29707e-07 765.796 -79.3252 114459 0.000577701 -6.05946 844.214 765.796
92200 -837978 176.935 -837801 2.29566e-08 -837798 -2.60587 -2.29566e-08 5.29399e-07 -1.93204e+07 -60.0937 -5.29399e-07 791.23 -335.232 114322 0.000577701 -5.88626 863.728 791.23
92300 -837988 188.719 -837800 2.29823e-08 -837797 -2.46824 -2.29823e-08 5.29992e-07 -1.93204e+07 -56.9198 -5.29992e-07 843.929 -96.11 114441 0.000577701 -5.72563 925.004 843.929
92400 -837977 179.608 -837797 694.015 -837795 -696.038 -694.015 16004.6 -1.93203e+07 -16051.3 -16004.6 803.182 462.779 114339 0.000577701 -5.46646 902.657 803.182
92500 -837975 186.412 -837789 694.556 -837787 -695.907 -694.556 16017.1 -1.93201e+07 -16048.2 -16017.1 833.612 -950.117 114368 0.000577701 -5.11796 892.797 833.612
92600 -837972 180.197 -837792 695.036 -837791 -695.868 -695.036 16028.2 -1.93202e+07 -16047.3 -16028.2 805.817 -1076.73 114334 0.000577701 -4.70051 886.515 805.817
92700 -837974 171.357 -837803 2.29473e-08 -837802 -0.662801 -2.29473e-08 5.29186e-07 -1.93205e+07 -15.2848 -5.29186e-07 766.286 -1098.01 114420 0.000577701 -4.15975 862.188 766.286
92800 -837974 185.626 -837788 2.29419e-08 -837787 -0.684436 -2.29419e-08 5.29061e-07 -1.93201e+07 -15.7837 -5.29061e-07 830.095 -1136.34 114282 0.000577701 -3.46323 892.44 830.095
92900 -837968 176.71 -837791 2.2981e-08 -837790 -0.753286 -2.2981e-08 5.29962e-07 -1.93202e+07 -17.3714 -5.29962e-07 790.226 -516.44 114318 0.000577701 -2.91056 877.535 790.226
93000 -837969 183.235 -837786 2.29369e-08 -837785 -0.69964 -2.29369e-08 5.28946e-07 -1.93201e+07 -16.1343 -5.28946e-07 819.401 39.9984 114486 0.000577701 -2.35738 897.125 819.401
93100 -837971 184.451 -837786 695.645 -837786 -696.395 -695.645 16042.2 -1.93201e+07 -16059.5 -16042.2 824.843 266.98 114360 0.000577701 -1.83045 897.985 824.843
93200 -837971 182.49 -837788 695.117 -837787 -696.39 -695.117 16030 -1.93201e+07 -16059.4 -16030 816.071 -353.37 114402 0.000577701 -1.62689 915.109 816.071
93300 -837976 185.625 -837791 695.574 -837790 -696.19 -695.574 16040.6 -1.93202e+07 -16054.8 -16040.6 830.089 -571.046 114476 0.000577701 -1.76317 910.637 830.089
93400 -837970 172.408 -837797 2.29333e-08 -837797 -0.582442 -2.29333e-08 5.28862e-07 -1.93204e+07 -13.4316 -5.28862e-07 770.987 -279.532 114370 0.000577701 -2.2725 839.07 770.987
93500 -837966 170.849 -837795 695.604 -837795 -696.039 -695.604 16041.3 -1.93203e+07 -16051.3 -16041.3 764.016 -597.94 114248 0.000577701 -2.79487 822.864 764.016
93600 -837964 163.207 -837801 695.368 -837801 -695.987 -695.368 16035.8 -1.93204e+07 -16050.1 -16035.8 729.841 -359.662 114470 0.000577701 -3.20025 807.101 729.841
93700 -837962 170.841 -837791 695.074 -837790 -695.81 -695.074 16029 -1.93202e+07 -16046 -16029 763.978 138.287 114353 0.000577701 -3.50326 838.418 763.978
93800 -837952 168.213 -837784 694.855 -837783 -695.64 -694.855 16024 -1.932e+07 -16042.1 -16024 752.228 -137.055 114404 0.000577701 -3.7333 808.381 752.228
