# Time-averaged data for fix msd_output
# TimeStep Number-of-rows
# Row c_msd_HAP c_msd_CO2
43900 4
1 4.93699e-07 1.51075e-07
2 4.53994e-07 5.09434e-10
3 0.0144645 0.0444445
4 0.0144654 0.0444446
44000 4
1 3.95662e-06 1.21116e-06
2 3.63851e-06 4.08411e-09
3 0.058078 0.120507
4 0.0580856 0.120508
44100 4
1 1.07305e-05 3.28568e-06
2 9.86803e-06 1.10795e-08
3 0.0922163 0.00509947
4 0.0922369 0.00510277
44200 4
1 2.08134e-05 6.37463e-06
2 1.91405e-05 2.14957e-08
3 0.132194 0.000745246
4 0.132234 0.000751642
44300 4
1 3.42062e-05 1.0478e-05
2 3.14568e-05 3.53326e-08
3 0.198485 0.00664409
4 0.198551 0.0066546
44400 4
1 5.09094e-05 1.55958e-05
2 4.68173e-05 5.25903e-08
3 0.266091 0.0900736
4 0.266189 0.0900893
44500 4
1 7.09231e-05 2.17281e-05
2 6.52222e-05 7.32687e-08
3 0.323052 0.0605956
4 0.323188 0.0606174
44600 4
1 9.42471e-05 2.88748e-05
2 8.66715e-05 9.73678e-08
3 0.421651 0.047841
4 0.421832 0.04787
44700 4
1 0.000120882 3.70359e-05
2 0.000111165 1.24888e-07
3 0.496931 0.00625226
4 0.497163 0.00628942
44800 4
1 0.000150827 4.62115e-05
2 0.000138703 1.55828e-07
3 0.560097 0.00693745
4 0.560387 0.00698381
44900 4
1 0.000184082 5.64015e-05
2 0.000169285 1.9019e-07
3 0.649983 0.0348348
4 0.650336 0.0348914
45000 4
1 0.000220648 6.76059e-05
2 0.000202912 2.27972e-07
3 0.720763 0.00275605
4 0.721186 0.00282388
45100 4
1 0.000260524 7.98247e-05
2 0.000239583 2.69175e-07
3 0.753102 0.119861
4 0.753602 0.119942
45200 4
1 0.000303711 9.3058e-05
2 0.000279298 3.13798e-07
3 0.791539 0.000781453
4 0.792122 0.000874825
45300 4
1 0.000350208 0.000107306
2 0.000322057 3.61843e-07
3 0.855555 0.0351566
4 0.856227 0.0352643
45400 4
1 0.000400015 0.000122568
2 0.000367861 4.13308e-07
3 0.93246 0.0115384
4 0.933227 0.0116614
45500 4
1 0.000453133 0.000138845
2 0.000416709 4.68194e-07
3 0.991339 0.0150814
4 0.992209 0.0152207
45600 4
1 0.000509562 0.000156136
2 0.000468602 5.265e-07
3 1.03895 0.103951
4 1.03993 0.104108
45700 4
1 0.000569301 0.000174441
2 0.000523539 5.88228e-07
3 1.11178 0.0283144
4 1.11287 0.0284894
45800 4
1 0.00063235 0.000193761
2 0.00058152 6.53376e-07
3 1.24036 0.102537
4 1.24157 0.102732
45900 4
1 0.00069871 0.000214095
2 0.000642546 7.21944e-07
3 1.34076 0.0439843
4 1.3421 0.0441991
46000 4
1 0.00076838 0.000235444
2 0.000706615 7.93934e-07
3 1.38847 0.0649768
4 1.38995 0.065213
46100 4
1 0.00084136 0.000257807
2 0.00077373 8.69344e-07
3 1.44473 0.0326201
4 1.44634 0.0328788
46200 4
1 0.000917651 0.000281185
2 0.000843888 9.48175e-07
3 1.50542 0.0278253
4 1.50718 0.0281074
46300 4
1 0.000997253 0.000305577
2 0.000917091 1.03043e-06
3 1.57649 0.0403718
4 1.5784 0.0406784
46400 4
1 0.00108016 0.000330983
2 0.000993338 1.1161e-06
3 1.6446 0.0224735
4 1.64667 0.0228056
46500 4
1 0.00116639 0.000357404
2 0.00107263 1.20519e-06
3 1.73589 0.0413235
4 1.73813 0.0416821
46600 4
1 0.00125592 0.00038484
2 0.00115497 1.29771e-06
3 1.84234 0.00490332
4 1.84475 0.00528946
46700 4
1 0.00134876 0.00041329
2 0.00124035 1.39364e-06
3 1.907 0.000253373
4 1.90959 0.000668056
46800 4
1 0.00144492 0.000442754
2 0.00132877 1.493e-06
3 1.97699 0.097245
4 1.97976 0.0976892
46900 4
1 0.00154438 0.000473232
2 0.00142024 1.59577e-06
3 2.0886 0.0010702
4 2.09157 0.00154503
47000 4
1 0.00164716 0.000504726
2 0.00151475 1.70197e-06
3 2.18074 0.0514128
4 2.1839 0.0519192
47100 4
1 0.00175324 0.000537233
2 0.00161231 1.81159e-06
3 2.31116 0.00110865
4 2.31453 0.0016477
47200 4
1 0.00186264 0.000570755
2 0.00171291 1.92463e-06
3 2.39791 0.020093
4 2.40149 0.0206656
47300 4
1 0.00197534 0.000605292
2 0.00181656 2.04109e-06
3 2.49233 0.00246362
4 2.49612 0.00307095
47400 4
1 0.00209136 0.000640842
2 0.00192325 2.16097e-06
3 2.54859 0.047648
4 2.5526 0.048291
47500 4
1 0.00221068 0.000677408
2 0.00203298 2.28427e-06
3 2.62731 0.0247803
4 2.63155 0.02546
47600 4
1 0.00233332 0.000714987
2 0.00214576 2.41099e-06
3 2.74079 0.153541
4 2.74527 0.154259
47700 4
1 0.00245927 0.000753582
2 0.00226159 2.54113e-06
3 2.82283 0.000378308
4 2.82755 0.00113443
47800 4
1 0.00258853 0.00079319
2 0.00238045 2.67469e-06
3 2.9179 0.00174214
4 2.92287 0.002538
47900 4
1 0.00272109 0.000833813
2 0.00250237 2.81168e-06
3 3.05916 0.0114886
4 3.06438 0.0123253
48000 4
1 0.00285697 0.000875451
2 0.00262732 2.95208e-06
3 3.21616 0.0235837
4 3.22165 0.0244621
48100 4
1 0.00299616 0.000918102
2 0.00275532 3.09591e-06
3 3.37417 0.0251993
4 3.37992 0.0261205
48200 4
1 0.00313866 0.000961769
2 0.00288637 3.24315e-06
3 3.54372 0.00343969
4 3.54974 0.00440471
48300 4
1 0.00328447 0.00100645
2 0.00302046 3.39382e-06
3 3.72272 0.0089321
4 3.72903 0.00994194
48400 4
1 0.00343359 0.00105214
2 0.00315759 3.54791e-06
3 3.87958 0.00219559
4 3.88617 0.00325128
48500 4
1 0.00358602 0.00109885
2 0.00329777 3.70542e-06
3 4.01916 0.056703
4 4.02605 0.0578056
48600 4
1 0.00374177 0.00114658
2 0.00344099 3.86634e-06
3 4.22174 0.000883217
4 4.22892 0.00203366
48700 4
1 0.00390082 0.00119532
2 0.00358726 4.03069e-06
3 4.3982 0.137625
4 4.40569 0.138824
48800 4
1 0.00406318 0.00124507
2 0.00373657 4.19846e-06
3 4.60843 0.0729044
4 4.61623 0.0741537
48900 4
1 0.00422885 0.00129584
2 0.00388893 4.36966e-06
3 4.77469 0.182437
4 4.78281 0.183737
49000 4
1 0.00439784 0.00134762
2 0.00404433 4.54427e-06
3 4.86435 0.0267434
4 4.87279 0.0280956
49100 4
1 0.00457013 0.00140042
2 0.00420277 4.7223e-06
3 4.99787 0.0360395
4 5.00664 0.0374447
49200 4
1 0.00474573 0.00145423
2 0.00436426 4.90375e-06
3 5.17911 0.00040098
4 5.18822 0.00186011
49300 4
1 0.00492465 0.00150905
2 0.00452879 5.08863e-06
3 5.36298 0.0148766
4 5.37243 0.0163907
49400 4
1 0.00510687 0.00156489
2 0.00469637 5.27692e-06
3 5.48759 0.00450032
4 5.49739 0.00607049
49500 4
1 0.00529241 0.00162174
2 0.00486699 5.46864e-06
3 5.6143 7.79242e-05
4 5.62446 0.00170514
49600 4
1 0.00548125 0.00167961
2 0.00504065 5.66377e-06
3 5.70554 0.0322234
4 5.71606 0.0339087
49700 4
1 0.00567341 0.0017385
2 0.00521736 5.86233e-06
3 5.71644 0.0217676
4 5.72733 0.023512
49800 4
1 0.00586888 0.00179839
2 0.00539712 6.06431e-06
3 5.78065 0.00439942
4 5.79191 0.00620388
49900 4
1 0.00606765 0.0018593
2 0.00557992 6.26971e-06
3 5.88015 0.00462957
4 5.8918 0.00649515
50000 4
1 0.00626974 0.00192123
2 0.00576576 6.47853e-06
3 6.00482 0.00498166
4 6.01686 0.00690937
50100 4
1 0.00647514 0.00198417
2 0.00595465 6.69077e-06
3 6.0235 0.0240942
4 6.03593 0.026085
50200 4
1 0.00668385 0.00204813
2 0.00614658 6.90643e-06
3 6.14039 0.0474796
4 6.15322 0.0495347
50300 4
1 0.00689587 0.0021131
2 0.00634156 7.12551e-06
3 6.23364 7.95532e-05
4 6.24688 0.00219977
50400 4
1 0.0071112 0.00217908
2 0.00653958 7.34801e-06
3 6.21564 0.0458943
4 6.22929 0.0480808
50500 4
1 0.00732984 0.00224608
2 0.00674064 7.57394e-06
3 6.26766 0.0141878
4 6.28173 0.0164414
50600 4
1 0.00755179 0.00231409
2 0.00694475 7.80328e-06
3 6.42259 0.0359845
4 6.43708 0.0383064
50700 4
1 0.00777705 0.00238312
2 0.0071519 8.03604e-06
3 6.46661 0.185583
4 6.48154 0.187975
50800 4
1 0.00800562 0.00245316
2 0.0073621 8.27223e-06
3 6.57847 0.11864
4 6.59384 0.121101
50900 4
1 0.0082375 0.00252422
2 0.00757534 8.51184e-06
3 6.64704 0.219309
4 6.66285 0.221842
51000 4
1 0.00847269 0.00259629
2 0.00779163 8.75486e-06
3 6.66768 0.0647892
4 6.68395 0.0673942
51100 4
1 0.00871119 0.00266937
2 0.00801096 9.00131e-06
3 6.7803 0.0654382
4 6.79702 0.0681165
51200 4
1 0.008953 0.00274347
2 0.00823334 9.25118e-06
3 6.89409 0.0143759
4 6.91128 0.0171286
51300 4
1 0.00919813 0.00281858
2 0.00845876 9.50447e-06
3 6.98676 0.0182159
4 7.00442 0.021044
51400 4
1 0.00944656 0.00289471
2 0.00868722 9.76118e-06
3 7.06204 0.0341862
4 7.08017 0.0370906
51500 4
1 0.00969831 0.00297185
2 0.00891873 1.00213e-05
3 7.1413 0.0039984
4 7.15992 0.00698027
51600 4
1 0.00995336 0.00305001
2 0.00915328 1.02849e-05
3 7.18262 0.00613929
4 7.20173 0.00919959
51700 4
1 0.0102117 0.00312918
2 0.00939088 1.05518e-05
3 7.27079 0.00804631
4 7.29039 0.011186
51800 4
1 0.0104734 0.00320937
2 0.00963152 1.08222e-05
3 7.29998 0.0122186
4 7.32009 0.0154388
51900 4
1 0.0107384 0.00329057
2 0.0098752 1.1096e-05
3 7.33583 0.11023
4 7.35644 0.113532
52000 4
1 0.0110067 0.00337278
2 0.0101219 1.13733e-05
3 7.42002 0.0690013
4 7.44115 0.0723855
52100 4
1 0.0112783 0.00345601
2 0.0103717 1.16539e-05
3 7.4536 0.0834555
4 7.47525 0.0869232
52200 4
1 0.0115532 0.00354026
2 0.0106245 1.1938e-05
3 7.5189 0.00784054
4 7.54107 0.0113927
52300 4
1 0.0118314 0.00362552
2 0.0108804 1.22255e-05
3 7.56328 0.0146084
4 7.586 0.0182461
52400 4
1 0.012113 0.00371179
2 0.0111393 1.25164e-05
3 7.59446 0.000148515
4 7.61772 0.00387282
52500 4
1 0.0123978 0.00379908
2 0.0114012 1.28108e-05
3 7.64443 0.0510917
4 7.66823 0.0549036
52600 4
1 0.012686 0.00388738
2 0.0116662 1.31085e-05
3 7.7438 0.0319643
4 7.76815 0.0358648
52700 4
1 0.0129774 0.00397669
2 0.0119343 1.34097e-05
3 7.83505 0.082365
4 7.85997 0.0863551
52800 4
1 0.0132722 0.00406702
2 0.0122054 1.37143e-05
3 7.88792 0.00828354
4 7.91339 0.0123643
52900 4
1 0.0135703 0.00415837
2 0.0124795 1.40223e-05
3 7.9882 0.000891983
4 8.01425 0.00506437
53000 4
1 0.0138717 0.00425073
2 0.0127567 1.43338e-05
3 8.07455 0.000719104
4 8.10118 0.00498416
53100 4
1 0.0141764 0.0043441
2 0.0130369 1.46486e-05
3 8.15366 0.00428553
4 8.18088 0.00864428
53200 4
1 0.0144844 0.00443849
2 0.0133201 1.49669e-05
3 8.20026 0.000281301
4 8.22806 0.00473476
53300 4
1 0.0147958 0.00453389
2 0.0136065 1.52886e-05
3 8.2862 0.0209413
4 8.3146 0.0254905
53400 4
1 0.0151104 0.00463031
2 0.0138958 1.56137e-05
3 8.416 0.000189642
4 8.44501 0.00483556
53500 4
1 0.0154284 0.00472774
2 0.0141882 1.59423e-05
3 8.52918 0.0209095
4 8.5588 0.0256531
53600 4
1 0.0157496 0.00482618
2 0.0144836 1.62742e-05
3 8.6422 0.000169331
4 8.67243 0.00501179
53700 4
1 0.0160742 0.00492565
2 0.0147821 1.66096e-05
3 8.7501 0.000506168
4 8.78095 0.00544842
53800 4
1 0.0164021 0.00502612
2 0.0150836 1.69484e-05
3 8.85825 0.000379569
4 8.88973 0.00542264
53900 4
1 0.0167333 0.00512761
2 0.0153882 1.72907e-05
3 8.92596 0.034344
4 8.95808 0.0394889
54000 4
1 0.0170678 0.00523011
2 0.0156958 1.76363e-05
3 9.09253 0.00815032
4 9.12529 0.0133981
54100 4
1 0.0174056 0.00533363
2 0.0160065 1.79854e-05
3 9.1537 0.000746672
4 9.18711 0.00609829
54200 4
1 0.0177467 0.00543816
2 0.0163202 1.83379e-05
3 9.30741 0.0014543
4 9.34148 0.0069108
54300 4
1 0.0180912 0.00554371
2 0.016637 1.86938e-05
3 9.45138 0.0182739
4 9.48611 0.0238363
54400 4
1 0.0184389 0.00565027
2 0.0169567 1.90531e-05
3 9.54421 0.0534702
4 9.57961 0.0591395
54500 4
1 0.01879 0.00575785
2 0.0172796 1.94159e-05
3 9.66963 0.0377304
4 9.7057 0.0435077
54600 4
1 0.0191443 0.00586644
2 0.0176055 1.9782e-05
3 9.76499 0.00373916
4 9.80174 0.00962538
54700 4
1 0.019502 0.00597604
2 0.0179344 2.01516e-05
3 9.80167 0.0104076
4 9.8391 0.0164038
54800 4
1 0.019863 0.00608666
2 0.0182664 2.05247e-05
3 9.97463 0.003314
4 10.0128 0.00942119
54900 4
1 0.0202273 0.00619829
2 0.0186014 2.09011e-05
3 10.0574 0.0659761
4 10.0962 0.0721953
55000 4
1 0.0205949 0.00631094
2 0.0189394 2.12809e-05
3 10.0883 0.154296
4 10.1279 0.160628
55100 4
1 0.0209658 0.0064246
2 0.0192805 2.16642e-05
3 10.2428 0.499326
4 10.2831 0.505772
55200 4
1 0.0213401 0.00653928
2 0.0196247 2.20509e-05
3 10.3789 1.63335
4 10.4199 1.63991
55300 4
1 0.0217176 0.00665497
2 0.0199719 2.2441e-05
3 10.4496 3.54807
4 10.4912 3.55474
55400 4
1 0.0220985 0.00677168
2 0.0203221 2.28346e-05
3 10.5928 6.14934
4 10.6352 6.15613
55500 4
1 0.0224826 0.0068894
2 0.0206754 2.32315e-05
3 10.7254 9.45614
4 10.7686 9.46305
55600 4
1 0.0228701 0.00700813
2 0.0210317 2.36319e-05
3 10.8273 13.4715
4 10.8712 13.4786
55700 4
1 0.0232609 0.00712788
2 0.0213911 2.40357e-05
3 10.9467 18.1488
4 10.9914 18.1559
55800 4
1 0.023655 0.00724864
2 0.0217535 2.44429e-05
3 11.0599 23.4611
4 11.1054 23.4684
55900 4
1 0.0240524 0.00737042
2 0.022119 2.48536e-05
3 11.0789 29.3878
4 11.1251 29.3952
56000 4
1 0.0244531 0.00749321
2 0.0224875 2.52677e-05
3 11.1026 35.6873
4 11.1495 35.6948
56100 4
1 0.0248571 0.00761702
2 0.022859 2.56851e-05
3 11.2 41.5356
4 11.2477 41.5432
56200 4
1 0.0252644 0.00774184
2 0.0232336 2.6106e-05
3 11.3193 46.1573
4 11.3678 46.1651
56300 4
1 0.0256751 0.00786768
2 0.0236112 2.65304e-05
3 11.3821 49.9453
4 11.4314 49.9532
56400 4
1 0.026089 0.00799453
2 0.0239919 2.69581e-05
3 11.4665 53.5768
4 11.5166 53.5848
56500 4
1 0.0265063 0.00812239
2 0.0243757 2.73893e-05
3 11.5689 57.2605
4 11.6198 57.2687
56600 4
1 0.0269269 0.00825127
2 0.0247624 2.78239e-05
3 11.6752 60.9598
4 11.7268 60.9681
56700 4
1 0.0273508 0.00838116
2 0.0251522 2.82619e-05
3 11.7731 64.602
4 11.8256 64.6104
56800 4
1 0.027778 0.00851207
2 0.0255451 2.87033e-05
3 11.8539 68.1449
4 11.9073 68.1535
56900 4
1 0.0282085 0.00864399
2 0.025941 2.91482e-05
3 11.9438 71.5809
4 11.9979 71.5895
57000 4
1 0.0286423 0.00877693
2 0.0263399 2.95964e-05
3 12.045 74.9079
4 12.1 74.9167
57100 4
1 0.0290794 0.00891088
2 0.0267419 3.00481e-05
3 12.1196 78.1104
4 12.1755 78.1193
57200 4
1 0.0295199 0.00904585
2 0.027147 3.05032e-05
3 12.2952 81.2013
4 12.3518 81.2104
57300 4
1 0.0299636 0.00918183
2 0.027555 3.09618e-05
3 12.2844 84.2108
4 12.3419 84.2201
57400 4
1 0.0304107 0.00931882
2 0.0279662 3.14237e-05
3 12.3633 87.1631
4 12.4217 87.1724
57500 4
1 0.030861 0.00945683
2 0.0283803 3.18891e-05
3 12.3793 90.0724
4 12.4385 90.0819
57600 4
1 0.0313147 0.00959585
2 0.0287975 3.23579e-05
3 12.46 92.9466
4 12.5201 92.9562
57700 4
1 0.0317717 0.00973589
2 0.0292178 3.28301e-05
3 12.4502 95.7912
4 12.5112 95.801
57800 4
1 0.032232 0.00987694
2 0.0296411 3.33058e-05
3 12.4849 98.6098
4 12.5468 98.6197
57900 4
1 0.0326956 0.010019
2 0.0300675 3.37848e-05
3 12.5133 101.399
4 12.5761 101.409
58000 4
1 0.0331625 0.0101621
2 0.0304968 3.42673e-05
3 12.612 104.146
4 12.6756 104.157
58100 4
1 0.0336328 0.0103062
2 0.0309293 3.47532e-05
3 12.6841 106.828
4 12.7487 106.838
58200 4
1 0.0341063 0.0104513
2 0.0313648 3.52425e-05
3 12.7119 109.417
4 12.7774 109.427
58300 4
1 0.0345832 0.0105974
2 0.0318033 3.57353e-05
3 12.8145 111.889
4 12.8809 111.9
58400 4
1 0.0350633 0.0107446
2 0.0322448 3.62314e-05
3 12.8692 114.227
4 12.9365 114.237
58500 4
1 0.0355468 0.0108927
2 0.0326895 3.6731e-05
3 12.9511 116.414
4 13.0194 116.425
58600 4
1 0.0360336 0.0110419
2 0.0331371 3.7234e-05
3 13.0467 118.432
4 13.1158 118.444
58700 4
1 0.0365237 0.0111921
2 0.0335878 3.77404e-05
3 13.0716 120.26
4 13.1417 120.272
58800 4
1 0.0370171 0.0113433
2 0.0340416 3.82503e-05
3 13.21 121.88
4 13.2811 121.892
58900 4
1 0.0375138 0.0114955
2 0.0344983 3.87635e-05
3 13.2897 123.283
4 13.3617 123.295
59000 4
1 0.0380138 0.0116487
2 0.0349582 3.92802e-05
3 13.3634 124.463
4 13.4364 124.475
59100 4
1 0.0385172 0.0118029
2 0.0354211 3.98003e-05
3 13.4578 125.41
4 13.5317 125.422
59200 4
1 0.0390238 0.0119582
2 0.035887 4.03239e-05
3 13.5865 126.101
4 13.6614 126.113
59300 4
1 0.0395338 0.0121145
2 0.0363559 4.08508e-05
3 13.6754 126.517
4 13.7513 126.53
59400 4
1 0.0400471 0.0122717
2 0.0368279 4.13812e-05
3 13.8015 126.651
4 13.8784 126.663
59500 4
1 0.0405636 0.01243
2 0.037303 4.1915e-05
3 13.9106 126.511
4 13.9884 126.523
59600 4
1 0.0410835 0.0125893
2 0.0377811 4.24522e-05
3 14.0088 126.111
4 14.0876 126.123
59700 4
1 0.0416067 0.0127497
2 0.0382622 4.29928e-05
3 14.1419 125.454
4 14.2217 125.467
59800 4
1 0.0421332 0.012911
2 0.0387464 4.35369e-05
3 14.2665 124.538
4 14.3474 124.551
59900 4
1 0.042663 0.0130734
2 0.0392337 4.40843e-05
3 14.2452 123.359
4 14.3271 123.373
60000 4
1 0.0431962 0.0132367
2 0.0397239 4.46352e-05
3 14.2655 121.927
4 14.3484 121.94
60100 4
1 0.0437326 0.0134011
2 0.0402173 4.51895e-05
3 14.2907 120.263
4 14.3747 120.277
60200 4
1 0.0442724 0.0135665
2 0.0407136 4.57473e-05
3 14.1999 118.395
4 14.2848 118.409
60300 4
1 0.0448154 0.0137329
2 0.041213 4.63084e-05
3 14.2174 116.348
4 14.3034 116.362
60400 4
1 0.0453618 0.0139004
2 0.0417155 4.6873e-05
3 14.2361 114.143
4 14.3232 114.157
60500 4
1 0.0459115 0.0140688
2 0.042221 4.7441e-05
3 14.217 111.806
4 14.3052 111.82
60600 4
1 0.0464645 0.0142383
2 0.0427295 4.80124e-05
3 14.209 109.366
4 14.2982 109.381
60700 4
1 0.0470208 0.0144087
2 0.0432411 4.85873e-05
3 14.198 106.857
4 14.2882 106.872
60800 4
1 0.0475804 0.0145802
2 0.0437557 4.91655e-05
3 14.224 104.304
4 14.3154 104.319
60900 4
1 0.0481433 0.0147527
2 0.0442734 4.97472e-05
3 14.285 101.726
4 14.3774 101.741
61000 4
1 0.0487096 0.0149262
2 0.0447941 5.03323e-05
3 14.2623 99.138
4 14.3558 99.153
61100 4
1 0.0492791 0.0151008
2 0.0453179 5.09208e-05
3 14.302 96.5552
4 14.3966 96.5703
61200 4
1 0.049852 0.0152763
2 0.0458447 5.15128e-05
3 14.3213 93.9938
4 14.417 94.0091
61300 4
1 0.0504281 0.0154529
2 0.0463746 5.21081e-05
3 14.3027 91.4669
4 14.3995 91.4824
61400 4
1 0.0510076 0.0156304
2 0.0469075 5.27069e-05
3 14.3313 88.9826
4 14.4292 88.9983
61500 4
1 0.0515904 0.015809
2 0.0474434 5.33091e-05
3 14.3446 86.5449
4 14.4437 86.5607
61600 4
1 0.0521765 0.0159886
2 0.0479824 5.39147e-05
3 14.3686 84.1552
4 14.4688 84.1712
61700 4
1 0.0527659 0.0161692
2 0.0485244 5.45238e-05
3 14.3519 81.8136
4 14.4532 81.8298
61800 4
1 0.0533586 0.0163509
2 0.0490695 5.51363e-05
3 14.3455 79.5195
4 14.4479 79.5359
61900 4
1 0.0539546 0.0165335
2 0.0496176 5.57521e-05
3 14.278 77.2725
4 14.3816 77.2891
62000 4
1 0.054554 0.0167172
2 0.0501688 5.63715e-05
3 14.2225 75.0718
4 14.3273 75.0886
62100 4
1 0.0551566 0.0169018
2 0.050723 5.69942e-05
3 14.1519 72.9166
4 14.2578 72.9336
62200 4
1 0.0557626 0.0170875
2 0.0512802 5.76203e-05
3 14.1155 70.8064
4 14.2225 70.8235
62300 4
1 0.0563719 0.0172742
2 0.0518405 5.82499e-05
3 14.0988 68.7404
4 14.207 68.7577
62400 4
1 0.0569845 0.0174619
2 0.0524039 5.88829e-05
3 14.0186 66.718
4 14.128 66.7355
62500 4
1 0.0576003 0.0176507
2 0.0529703 5.95193e-05
3 13.9953 64.7384
4 14.1059 64.7561
62600 4
1 0.0582195 0.0178404
2 0.0535397 6.01591e-05
3 14.0337 62.8009
4 14.1454 62.8188
62700 4
1 0.0588421 0.0180312
2 0.0541122 6.08024e-05
3 14.0465 60.9046
4 14.1595 60.9227
62800 4
1 0.0594679 0.0182229
2 0.0546877 6.14491e-05
3 14.0821 59.049
4 14.1962 59.0673
62900 4
1 0.060097 0.0184157
2 0.0552662 6.20992e-05
3 14.1068 57.2335
4 14.2221 57.252
63000 4
1 0.0607295 0.0186095
2 0.0558478 6.27527e-05
3 14.0685 55.4576
4 14.1851 55.4763
63100 4
1 0.0613652 0.0188044
2 0.0564325 6.34096e-05
3 14.0767 53.7207
4 14.1945 53.7395
63200 4
1 0.0620043 0.0190002
2 0.0570202 6.407e-05
3 14.0924 52.0221
4 14.2115 52.0412
63300 4
1 0.0626467 0.019197
2 0.0576109 6.47338e-05
3 14.0842 50.3613
4 14.2045 50.3805
63400 4
1 0.0632923 0.0193949
2 0.0582047 6.5401e-05
3 14.0846 48.7375
4 14.2061 48.757
63500 4
1 0.0639413 0.0195938
2 0.0588015 6.60716e-05
3 14.0903 47.1502
4 14.213 47.1699
63600 4
1 0.0645936 0.0197937
2 0.0594014 6.67456e-05
3 14.0425 45.5988
4 14.1665 45.6186
63700 4
1 0.0652493 0.0199946
2 0.0600043 6.74231e-05
3 14.0052 44.0826
4 14.1304 44.1027
63800 4
1 0.0659082 0.0201965
2 0.0606103 6.8104e-05
3 13.9703 42.6013
4 14.0968 42.6216
63900 4
1 0.0665704 0.0203994
2 0.0612193 6.87883e-05
3 13.9737 41.1544
4 14.1015 41.1749
64000 4
1 0.067236 0.0206034
2 0.0618313 6.9476e-05
3 13.9331 39.7416
4 14.0622 39.7623
64100 4
1 0.0679048 0.0208083
2 0.0624464 7.01671e-05
3 13.9468 38.3624
4 14.0772 38.3832
64200 4
1 0.068577 0.0210143
2 0.0630646 7.08617e-05
3 13.9416 37.0161
4 14.0732 37.0372
64300 4
1 0.0692525 0.0212213
2 0.0636858 7.15597e-05
3 13.8889 35.7024
4 14.0218 35.7237
64400 4
1 0.0699313 0.0214293
2 0.06431 7.22611e-05
3 13.8782 34.4206
4 14.0124 34.4421
64500 4
1 0.0706134 0.0216383
2 0.0649372 7.29659e-05
3 13.8208 33.1699
4 13.9563 33.1916
64600 4
1 0.0712988 0.0218483
2 0.0655676 7.36742e-05
3 13.8263 31.9488
4 13.9631 31.9708
64700 4
1 0.0719875 0.0220594
2 0.0662009 7.43858e-05
3 13.7915 30.7548
4 13.9297 30.777
64800 4
1 0.0726795 0.0222715
2 0.0668373 7.51009e-05
3 13.7984 29.5842
4 13.9379 29.6065
64900 4
1 0.0733749 0.0224845
2 0.0674768 7.58194e-05
3 13.7828 28.4312
4 13.9236 28.4538
65000 4
1 0.0740735 0.0226986
2 0.0681193 7.65414e-05
3 13.7736 27.2881
4 13.9158 27.3109
65100 4
1 0.0747755 0.0229137
2 0.0687648 7.72667e-05
3 13.8353 26.1454
4 13.9788 26.1683
65200 4
1 0.0754808 0.0231298
2 0.0694134 7.79955e-05
3 13.8599 24.9919
4 14.0048 25.0151
65300 4
1 0.0761893 0.023347
2 0.070065 7.87277e-05
3 13.9654 23.8153
4 14.1116 23.8387
65400 4
1 0.0769012 0.0235651
2 0.0707197 7.94633e-05
3 13.9347 22.6049
4 14.0823 22.6286
65500 4
1 0.0776164 0.0237843
2 0.0713774 8.02023e-05
3 13.8582 21.3551
4 14.0072 21.3789
65600 4
1 0.078335 0.0240045
2 0.0720382 8.09448e-05
3 13.7917 20.0651
4 13.9421 20.0892
65700 4
1 0.0790568 0.0242257
2 0.072702 8.16907e-05
3 13.7617 18.7433
4 13.9134 18.7676
65800 4
1 0.0797819 0.0244479
2 0.0733688 8.244e-05
3 13.6837 17.4023
4 13.8368 17.4269
65900 4
1 0.0805104 0.0246711
2 0.0740387 8.31927e-05
3 13.6684 16.0513
4 13.823 16.076
66000 4
1 0.0812421 0.0248953
2 0.0747116 8.39488e-05
3 13.7091 14.702
4 13.865 14.727
66100 4
1 0.0819772 0.0251206
2 0.0753876 8.47084e-05
3 13.7165 13.372
4 13.8739 13.3972
66200 4
1 0.0827156 0.0253468
2 0.0760666 8.54714e-05
3 13.7609 12.072
4 13.9196 12.0974
66300 4
1 0.0834573 0.0255741
2 0.0767487 8.62378e-05
3 13.808 10.818
4 13.9682 10.8436
66400 4
1 0.0842023 0.0258024
2 0.0774338 8.70076e-05
3 13.8694 9.63498
4 14.031 9.66087
66500 4
1 0.0849506 0.0260317
2 0.078122 8.77808e-05
3 13.901 8.53433
4 14.064 8.56045
66600 4
1 0.0857022 0.026262
2 0.0788132 8.85575e-05
3 13.9653 7.5223
4 14.1298 7.54865
66700 4
1 0.0864571 0.0264934
2 0.0795074 8.93376e-05
3 14.0404 6.60153
4 14.2063 6.62812
66800 4
1 0.0872154 0.0267257
2 0.0802047 9.01211e-05
3 14.1187 5.76484
4 14.2862 5.79166
66900 4
1 0.0879769 0.0269591
2 0.0809051 9.0908e-05
3 14.1724 4.99877
4 14.3413 5.02582
67000 4
1 0.0887418 0.0271935
2 0.0816084 9.16983e-05
3 14.234 4.27074
4 14.4044 4.29802
67100 4
1 0.0895099 0.0274289
2 0.0823149 9.24921e-05
3 14.253 3.56637
4 14.4248 3.59389
67200 4
1 0.0902814 0.0276653
2 0.0830243 9.32893e-05
3 14.2936 2.89067
4 14.4669 2.91843
67300 4
1 0.0910562 0.0279027
2 0.0837368 9.40899e-05
3 14.4079 2.24651
4 14.5827 2.2745
67400 4
1 0.0918343 0.0281411
2 0.0844524 9.48939e-05
3 14.4182 1.6505
4 14.5945 1.67874
67500 4
1 0.0926157 0.0283806
2 0.085171 9.57014e-05
3 14.4587 1.14171
4 14.6365 1.17019
67600 4
1 0.0934005 0.0286211
2 0.0858926 9.65123e-05
3 14.4821 0.894695
4 14.6613 0.923413
67700 4
1 0.0941885 0.0288625
2 0.0866173 9.73265e-05
3 14.4453 0.938609
4 14.6261 0.967569
67800 4
1 0.0949798 0.029105
2 0.0873451 9.81443e-05
3 14.4777 1.22047
4 14.6601 1.24967
67900 4
1 0.0957745 0.0293485
2 0.0880758 9.89654e-05
3 14.5567 1.72681
4 14.7405 1.75626
68000 4
1 0.0965725 0.0295931
2 0.0888097 9.97899e-05
3 14.6138 2.28666
4 14.7991 2.31636
68100 4
1 0.0973737 0.0298386
2 0.0895465 0.000100618
3 14.7514 2.83905
4 14.9383 2.86899
68200 4
1 0.0981783 0.0300852
2 0.0902864 0.000101449
3 14.8704 3.35864
4 15.0588 3.38882
68300 4
1 0.0989862 0.0303327
2 0.0910294 0.000102284
3 14.9504 3.87361
4 15.1404 3.90404
68400 4
1 0.0997974 0.0305813
2 0.0917754 0.000103122
3 14.8648 4.42319
4 15.0564 4.45388
68500 4
1 0.100612 0.0308309
2 0.0925244 0.000103964
3 14.8741 5.04667
4 15.0672 5.07761
68600 4
1 0.10143 0.0310815
2 0.0932765 0.000104809
3 14.8979 5.78879
4 15.0926 5.81998
68700 4
1 0.102251 0.0313331
2 0.0940317 0.000105658
3 14.8587 6.66552
4 15.0549 6.69696
68800 4
1 0.103075 0.0315858
2 0.0947898 0.00010651
3 14.9076 7.6797
4 15.1055 7.7114
68900 4
1 0.103903 0.0318394
2 0.0955511 0.000107365
3 14.8679 8.81648
4 15.0674 8.84843
69000 4
1 0.104734 0.0320941
2 0.0963153 0.000108224
3 14.9779 10.0732
4 15.1789 10.1054
69100 4
1 0.105569 0.0323498
2 0.0970826 0.000109086
3 15.1153 11.4464
4 15.3179 11.4789
69200 4
1 0.106406 0.0326065
2 0.097853 0.000109951
3 15.1826 12.9095
4 15.3869 12.9423
69300 4
1 0.107247 0.0328642
2 0.0986264 0.00011082
3 15.0759 14.4237
4 15.2818 14.4567
69400 4
1 0.108092 0.0331229
2 0.0994028 0.000111693
3 14.9938 15.9308
4 15.2013 15.964
69500 4
1 0.108939 0.0333827
2 0.100182 0.000112569
3 15.0038 17.3514
4 15.213 17.3849
69600 4
1 0.10979 0.0336434
2 0.100965 0.000113448
3 15.0513 18.6226
4 15.2621 18.6564
69700 4
1 0.110644 0.0339052
2 0.10175 0.000114331
3 15.1066 19.7295
4 15.319 19.7635
69800 4
1 0.111502 0.034168
2 0.102539 0.000115217
3 14.9101 20.7032
4 15.1242 20.7375
69900 4
1 0.112363 0.0344318
2 0.103331 0.000116106
3 14.8937 21.5948
4 15.1094 21.6294
70000 4
1 0.113227 0.0346966
2 0.104125 0.000116999
3 14.9766 22.4464
4 15.194 22.4812
70100 4
1 0.114094 0.0349624
2 0.104923 0.000117896
3 15.0237 23.2793
4 15.2427 23.3144
70200 4
1 0.114965 0.0352293
2 0.105724 0.000118796
3 15.1747 24.0942
4 15.3954 24.1296
70300 4
1 0.115839 0.0354971
2 0.106528 0.000119699
3 15.3053 24.8767
4 15.5277 24.9123
70400 4
1 0.116717 0.035766
2 0.107335 0.000120605
3 15.3779 25.6055
4 15.602 25.6413
70500 4
1 0.117597 0.0360359
2 0.108145 0.000121516
3 15.4013 26.2579
4 15.627 26.294
70600 4
1 0.118482 0.0363068
2 0.108958 0.000122429
3 15.4368 26.8131
4 15.6642 26.8496
70700 4
1 0.119369 0.0365787
2 0.109774 0.000123346
3 15.5001 27.2558
4 15.7292 27.2925
70800 4
1 0.12026 0.0368516
2 0.110593 0.000124266
3 15.558 27.5781
4 15.7889 27.6151
70900 4
1 0.121153 0.0371256
2 0.111415 0.00012519
3 15.6226 27.7814
4 15.8552 27.8186
71000 4
1 0.122051 0.0374005
2 0.11224 0.000126117
3 15.7781 27.8744
4 16.0124 27.9119
71100 4
1 0.122951 0.0376765
2 0.113068 0.000127048
3 15.9134 27.8634
4 16.1494 27.9012
71200 4
1 0.123855 0.0379535
2 0.113899 0.000127982
3 15.9944 27.751
4 16.2321 27.7891
71300 4
1 0.124762 0.0382315
2 0.114734 0.000128919
3 15.9614 27.553
4 16.2009 27.5913
71400 4
1 0.125673 0.0385105
2 0.115571 0.00012986
3 15.9299 27.2949
4 16.1711 27.3335
71500 4
1 0.126587 0.0387905
2 0.116411 0.000130804
3 15.9096 27.001
4 16.1526 27.0399
71600 4
1 0.127504 0.0390716
2 0.117255 0.000131752
3 15.8716 26.6892
4 16.1164 26.7284
71700 4
1 0.128424 0.0393536
2 0.118101 0.000132703
3 15.9642 26.3711
4 16.2107 26.4106
71800 4
1 0.129348 0.0396367
2 0.118951 0.000133658
3 15.9883 26.054
4 16.2366 26.0937
71900 4
1 0.130275 0.0399208
2 0.119803 0.000134616
3 16.0368 25.7418
4 16.2869 25.7819
72000 4
1 0.131206 0.0402059
2 0.120659 0.000135577
3 16.0527 25.4358
4 16.3045 25.4762
72100 4
1 0.132139 0.040492
2 0.121518 0.000136542
3 16.1475 25.1369
4 16.4011 25.1775
72200 4
1 0.133076 0.0407791
2 0.122379 0.00013751
3 16.2796 24.8456
4 16.5351 24.8866
72300 4
1 0.134017 0.0410673
2 0.123244 0.000138482
3 16.2908 24.5615
4 16.5481 24.6027
72400 4
1 0.13496 0.0413564
2 0.124112 0.000139457
3 16.3399 24.2849
4 16.599 24.3264
72500 4
1 0.135907 0.0416466
2 0.124983 0.000140435
3 16.3785 24.0167
4 16.6393 24.0584
72600 4
1 0.136857 0.0419378
2 0.125856 0.000141417
3 16.6202 23.756
4 16.8829 23.7981
72700 4
1 0.137811 0.04223
2 0.126733 0.000142403
3 16.6737 23.5033
4 16.9382 23.5456
72800 4
1 0.138768 0.0425232
2 0.127613 0.000143391
3 16.786 23.2594
4 17.0524 23.302
72900 4
1 0.139728 0.0428174
2 0.128496 0.000144383
3 16.9291 23.0236
4 17.1973 23.0666
73000 4
1 0.140692 0.0431127
2 0.129382 0.000145379
3 17.0214 22.7963
4 17.2915 22.8396
73100 4
1 0.141658 0.0434089
2 0.130271 0.000146378
3 17.1153 22.5786
4 17.3873 22.6222
73200 4
1 0.142628 0.0437062
2 0.131164 0.000147381
3 17.1433 22.3697
4 17.4171 22.4135
73300 4
1 0.143602 0.0440045
2 0.132059 0.000148386
3 17.2923 22.1698
4 17.5679 22.214
73400 4
1 0.144579 0.0443038
2 0.132957 0.000149396
3 17.4004 21.9801
4 17.6779 22.0246
73500 4
1 0.145559 0.0446041
2 0.133858 0.000150408
3 17.575 21.7998
4 17.8544 21.8446
73600 4
1 0.146542 0.0449055
2 0.134762 0.000151424
3 17.5348 21.629
4 17.8161 21.6741
73700 4
1 0.147529 0.0452078
2 0.13567 0.000152444
3 17.6125 21.469
4 17.8957 21.5144
73800 4
1 0.148519 0.0455112
2 0.13658 0.000153467
3 17.6613 21.3191
4 17.9464 21.3647
73900 4
1 0.149512 0.0458156
2 0.137494 0.000154493
3 17.7307 21.179
4 18.0177 21.2249
74000 4
1 0.150508 0.0461209
2 0.13841 0.000155523
3 17.7904 21.0502
4 18.0793 21.0965
74100 4
1 0.151508 0.0464273
2 0.13933 0.000156556
3 17.7814 20.932
4 18.0722 20.9786
74200 4
1 0.152512 0.0467348
2 0.140252 0.000157593
3 17.8618 20.824
4 18.1546 20.8709
74300 4
1 0.153518 0.0470432
2 0.141178 0.000158633
3 17.8587 20.7277
4 18.1534 20.7749
74400 4
1 0.154528 0.0473526
2 0.142107 0.000159677
3 17.9666 20.6424
4 18.2632 20.6899
74500 4
1 0.155541 0.0476631
2 0.143038 0.000160723
3 17.9733 20.5675
4 18.2718 20.6153
74600 4
1 0.156558 0.0479746
2 0.143973 0.000161774
3 18.0602 20.5047
4 18.3608 20.5528
74700 4
1 0.157577 0.0482871
2 0.144911 0.000162827
3 18.1183 20.453
4 18.4208 20.5015
74800 4
1 0.1586 0.0486006
2 0.145852 0.000163885
3 18.0904 20.4118
4 18.3949 20.4606
74900 4
1 0.159627 0.0489151
2 0.146795 0.000164945
3 17.9708 20.3826
4 18.2772 20.4317
75000 4
1 0.160656 0.0492306
2 0.147742 0.000166009
3 18.0833 20.3647
4 18.3917 20.4141
75100 4
1 0.161689 0.0495472
2 0.148692 0.000167077
3 18.1526 20.3572
4 18.463 20.4069
75200 4
1 0.162726 0.0498648
2 0.149645 0.000168148
3 18.2608 20.3615
4 18.5732 20.4116
75300 4
1 0.163765 0.0501833
2 0.150601 0.000169222
3 18.2287 20.3772
4 18.5431 20.4275
75400 4
1 0.164808 0.0505029
2 0.151561 0.000170299
3 18.3906 20.4029
4 18.7069 20.4536
75500 4
1 0.165855 0.0508235
2 0.152523 0.000171381
3 18.4237 20.4402
4 18.7421 20.4912
75600 4
1 0.166904 0.0511451
2 0.153488 0.000172465
3 18.6155 20.4885
4 18.9359 20.5399
75700 4
1 0.167957 0.0514678
2 0.154456 0.000173553
3 18.7061 20.5465
4 19.0285 20.5982
75800 4
1 0.169013 0.0517914
2 0.155427 0.000174644
3 18.8164 20.6155
4 19.1409 20.6675
75900 4
1 0.170073 0.0521161
2 0.156402 0.000175739
3 18.8391 20.6951
4 19.1655 20.7474
76000 4
1 0.171136 0.0524418
2 0.157379 0.000176837
3 18.8293 20.7837
4 19.1578 20.8364
76100 4
1 0.172202 0.0527685
2 0.15836 0.000177939
3 18.8908 20.8828
4 19.2214 20.9357
76200 4
1 0.173271 0.0530962
2 0.159343 0.000179044
3 19.062 20.9917
4 19.3946 21.045
76300 4
1 0.174344 0.0534249
2 0.160329 0.000180153
3 19.0824 21.1091
4 19.4171 21.1627
76400 4
1 0.17542 0.0537546
2 0.161319 0.000181264
3 19.1267 21.2361
4 19.4635 21.29
76500 4
1 0.176499 0.0540854
2 0.162312 0.00018238
3 19.185 21.3721
4 19.5238 21.4264
76600 4
1 0.177582 0.0544172
2 0.163307 0.000183499
3 19.1977 21.5159
4 19.5386 21.5705
76700 4
1 0.178668 0.0547499
2 0.164306 0.000184621
3 19.3082 21.6684
4 19.6512 21.7234
76800 4
1 0.179757 0.0550837
2 0.165308 0.000185746
3 19.4512 21.8291
4 19.7963 21.8844
76900 4
1 0.18085 0.0554185
2 0.166312 0.000186875
3 19.5043 21.9969
4 19.8514 22.0525
77000 4
1 0.181946 0.0557544
2 0.16732 0.000188008
3 19.5489 22.1722
4 19.8982 22.2281
77100 4
1 0.183045 0.0560912
2 0.168331 0.000189144
3 19.5779 22.3549
4 19.9293 22.4112
77200 4
1 0.184147 0.0564291
2 0.169345 0.000190283
3 19.5218 22.5438
4 19.8753 22.6004
77300 4
1 0.185253 0.0567679
2 0.170362 0.000191425
3 19.4666 22.7394
4 19.8223 22.7963
77400 4
1 0.186362 0.0571078
2 0.171382 0.000192572
3 19.5147 22.9414
4 19.8724 22.9987
77500 4
1 0.187475 0.0574487
2 0.172405 0.000193721
3 19.4557 23.1488
4 19.8155 23.2065
77600 4
1 0.188591 0.0577906
2 0.173431 0.000194874
3 19.4375 23.3621
4 19.7995 23.4201
77700 4
1 0.18971 0.0581335
2 0.17446 0.00019603
3 19.4797 23.581
4 19.8439 23.6393
77800 4
1 0.190832 0.0584775
2 0.175492 0.00019719
3 19.5403 23.8045
4 19.9066 23.8632
77900 4
1 0.191958 0.0588224
2 0.176528 0.000198353
3 19.6622 24.033
4 20.0307 24.092
78000 4
1 0.193087 0.0591684
2 0.177566 0.00019952
3 19.7667 24.2663
4 20.1373 24.3256
78100 4
1 0.194219 0.0595154
2 0.178607 0.00020069
3 19.7752 24.5035
4 20.1481 24.5632
78200 4
1 0.195355 0.0598634
2 0.179651 0.000201864
3 19.8773 24.7449
4 20.2523 24.8049
78300 4
1 0.196494 0.0602124
2 0.180699 0.00020304
3 20.0181 24.9903
4 20.3953 25.0507
78400 4
1 0.197636 0.0605624
2 0.181749 0.000204221
3 20.107 25.239
4 20.4864 25.2997
78500 4
1 0.198781 0.0609134
2 0.182803 0.000205404
3 20.2293 25.491
4 20.6109 25.5522
78600 4
1 0.19993 0.0612655
2 0.183859 0.000206592
3 20.1795 25.7464
4 20.5633 25.8079
78700 4
1 0.201082 0.0616186
2 0.184919 0.000207782
3 20.1617 26.0045
4 20.5477 26.0663
78800 4
1 0.202238 0.0619727
2 0.185981 0.000208976
3 20.199 26.2653
4 20.5872 26.3274
78900 4
1 0.203397 0.0623277
2 0.187047 0.000210174
3 20.2119 26.5287
4 20.6024 26.5913
79000 4
1 0.204559 0.0626839
2 0.188116 0.000211374
3 20.1726 26.7943
4 20.5653 26.8572
79100 4
1 0.205724 0.063041
2 0.189188 0.000212579
3 20.2547 27.0621
4 20.6497 27.1253
79200 4
1 0.206893 0.0633991
2 0.190262 0.000213786
3 20.2943 27.332
4 20.6915 27.3956
79300 4
1 0.208065 0.0637583
2 0.19134 0.000214997
3 20.2821 27.6036
4 20.6815 27.6676
79400 4
1 0.20924 0.0641185
2 0.192421 0.000216212
3 20.3634 27.8768
4 20.7651 27.9412
79500 4
1 0.210419 0.0644796
2 0.193505 0.00021743
3 20.4879 28.1517
4 20.8918 28.2164
79600 4
1 0.211601 0.0648418
2 0.194592 0.000218651
3 20.5415 28.4278
4 20.9477 28.4928
79700 4
1 0.212786 0.0652051
2 0.195682 0.000219876
3 20.6256 28.7051
4 21.0341 28.7705
79800 4
1 0.213975 0.0655693
2 0.196775 0.000221104
3 20.7402 28.9836
4 21.1509 29.0494
79900 4
1 0.215167 0.0659345
2 0.197871 0.000222336
3 20.833 29.263
4 21.2461 29.3291
80000 4
1 0.216362 0.0663008
2 0.19897 0.000223571
3 20.8263 29.5432
4 21.2416 29.6098
80100 4
1 0.217561 0.066668
2 0.200072 0.000224809
3 20.9093 29.8243
4 21.3269 29.8912
80200 4
1 0.218762 0.0670363
2 0.201178 0.000226051
3 20.9447 30.1059
4 21.3646 30.1732
80300 4
1 0.219968 0.0674056
2 0.202286 0.000227297
3 20.9228 30.3879
4 21.345 30.4555
80400 4
1 0.221176 0.0677759
2 0.203397 0.000228545
3 20.9337 30.6701
4 21.3583 30.7381
80500 4
1 0.222388 0.0681473
2 0.204512 0.000229797
3 20.9554 30.9519
4 21.3823 31.0203
80600 4
1 0.223603 0.0685196
2 0.205629 0.000231053
3 20.9411 31.233
4 21.3704 31.3018
80700 4
1 0.224821 0.068893
2 0.206749 0.000232312
3 21.0085 31.5126
4 21.44 31.5817
80800 4
1 0.226043 0.0692673
2 0.207873 0.000233574
3 21.0203 31.7895
4 21.4542 31.859
80900 4
1 0.227268 0.0696427
2 0.208999 0.00023484
3 21.0846 32.0621
4 21.5209 32.132
81000 4
1 0.228496 0.0700191
2 0.210129 0.00023611
3 21.0242 32.3287
4 21.4628 32.399
81100 4
1 0.229728 0.0703965
2 0.211262 0.000237382
3 21.1003 32.5866
4 21.5413 32.6572
81200 4
1 0.230963 0.070775
2 0.212397 0.000238658
3 21.1953 32.8326
4 21.6387 32.9036
81300 4
1 0.232201 0.0711544
2 0.213536 0.000239938
3 21.3303 33.063
4 21.7761 33.1344
81400 4
1 0.233443 0.0715349
2 0.214678 0.000241221
3 21.4218 33.2734
4 21.8699 33.3452
81500 4
1 0.234688 0.0719164
2 0.215823 0.000242507
3 21.4775 33.4585
4 21.928 33.5307
81600 4
1 0.235936 0.0722988
2 0.216971 0.000243797
3 21.5957 33.6128
4 22.0486 33.6853
81700 4
1 0.237187 0.0726823
2 0.218121 0.00024509
3 21.6522 33.7299
4 22.1075 33.8028
81800 4
1 0.238442 0.0730669
2 0.219275 0.000246387
3 21.7903 33.8035
4 22.2481 33.8768
81900 4
1 0.2397 0.0734524
2 0.220432 0.000247687
3 21.9373 33.8271
4 22.3974 33.9008
82000 4
1 0.240962 0.0738389
2 0.221592 0.00024899
3 21.9767 33.7945
4 22.4392 33.8686
82100 4
1 0.242226 0.0742265
2 0.222755 0.000250297
3 22.014 33.7
4 22.479 33.7745
82200 4
1 0.243494 0.0746151
2 0.223922 0.000251607
3 22.1152 33.5388
4 22.5826 33.6137
82300 4
1 0.244766 0.0750047
2 0.225091 0.000252921
3 22.1755 33.3074
4 22.6453 33.3826
82400 4
1 0.24604 0.0753953
2 0.226263 0.000254238
3 22.254 33.0034
4 22.7263 33.079
82500 4
1 0.247318 0.0757869
2 0.227438 0.000255559
3 22.3934 32.6259
4 22.8682 32.7019
82600 4
1 0.2486 0.0761795
2 0.228616 0.000256883
3 22.4758 32.1756
4 22.953 32.252
82700 4
1 0.249884 0.0765732
2 0.229798 0.00025821
3 22.4357 31.6545
4 22.9154 31.7314
82800 4
1 0.251172 0.0769678
2 0.230982 0.000259541
3 22.5281 31.0663
4 23.0102 31.1435
82900 4
1 0.252463 0.0773635
2 0.23217 0.000260875
3 22.5853 30.4157
4 23.07 30.4933
83000 4
1 0.253758 0.0777602
2 0.23336 0.000262213
3 22.4839 29.7087
4 22.971 29.7867
83100 4
1 0.255056 0.0781579
2 0.234554 0.000263554
3 22.4861 28.9524
4 22.9757 29.0308
83200 4
1 0.256357 0.0785566
2 0.23575 0.000264898
3 22.5383 28.1543
4 23.0304 28.2331
83300 4
1 0.257661 0.0789563
2 0.23695 0.000266246
3 22.504 27.3225
4 22.9986 27.4017
83400 4
1 0.258969 0.0793571
2 0.238152 0.000267598
3 22.5138 26.4654
4 23.0109 26.545
83500 4
1 0.26028 0.0797588
2 0.239358 0.000268953
3 22.5878 25.5908
4 23.0875 25.6708
83600 4
1 0.261595 0.0801616
2 0.240567 0.000270311
3 22.6308 24.7066
4 23.133 24.787
83700 4
1 0.262912 0.0805654
2 0.241779 0.000271672
3 22.6543 23.8201
4 23.159 23.9009
83800 4
1 0.264233 0.0809702
2 0.242993 0.000273037
3 22.7237 22.9375
4 23.2309 23.0187
83900 4
1 0.265558 0.081376
2 0.244211 0.000274406
3 22.7762 22.065
4 23.286 22.1466
84000 4
1 0.266885 0.0817829
2 0.245432 0.000275778
3 22.8059 21.2084
4 23.3182 21.2904
84100 4
1 0.268216 0.0821907
2 0.246656 0.000277153
3 22.7926 20.3713
4 23.3075 20.4537
84200 4
1 0.269551 0.0825996
2 0.247883 0.000278532
3 22.8293 19.5586
4 23.3467 19.6415
84300 4
1 0.270888 0.0830095
2 0.249113 0.000279914
3 22.9726 18.7748
4 23.4926 18.8581
84400 4
1 0.272229 0.0834203
2 0.250346 0.000281299
3 23.0249 18.0217
4 23.5475 18.1054
84500 4
1 0.273573 0.0838323
2 0.251583 0.000282688
3 23.0146 17.3036
4 23.5397 17.3877
84600 4
1 0.274921 0.0842452
2 0.252822 0.000284081
3 22.9781 16.6241
4 23.5058 16.7087
84700 4
1 0.276271 0.0846591
2 0.254064 0.000285477
3 22.9799 15.9838
4 23.5102 16.0688
84800 4
1 0.277626 0.0850741
2 0.255309 0.000286876
3 23.0382 15.3868
4 23.5711 15.4722
84900 4
1 0.278983 0.08549
2 0.256557 0.000288278
3 23.0902 14.8362
4 23.6257 14.922
85000 4
1 0.280344 0.085907
2 0.257809 0.000289685
3 23.1914 14.3315
4 23.7295 14.4177
85100 4
1 0.281708 0.086325
2 0.259063 0.000291094
3 23.2623 13.8767
4 23.803 13.9633
85200 4
1 0.283075 0.086744
2 0.260321 0.000292507
3 23.2607 13.4742
4 23.8041 13.5612
85300 4
1 0.284446 0.087164
2 0.261581 0.000293923
3 23.1681 13.1226
4 23.7142 13.21
85400 4
1 0.28582 0.0875851
2 0.262845 0.000295343
3 23.1029 12.8251
4 23.6516 12.913
85500 4
1 0.287197 0.0880071
2 0.264111 0.000296766
3 23.0894 12.584
4 23.6407 12.6723
85600 4
1 0.288578 0.0884302
2 0.265381 0.000298193
3 23.027 12.3963
4 23.581 12.4851
85700 4
1 0.289962 0.0888543
2 0.266654 0.000299623
3 23.1026 12.2653
4 23.6592 12.3544
85800 4
1 0.291349 0.0892793
2 0.267929 0.000301056
3 23.1126 12.1917
4 23.6719 12.2813
85900 4
1 0.292739 0.0897055
2 0.269208 0.000302493
3 22.9987 12.1722
4 23.5606 12.2622
86000 4
1 0.294133 0.0901326
2 0.27049 0.000303933
3 22.8818 12.2095
4 23.4465 12.3
86100 4
1 0.29553 0.0905607
2 0.271775 0.000305377
3 22.9067 12.3032
4 23.474 12.3941
86200 4
1 0.296931 0.0909899
2 0.273063 0.000306824
3 23.0011 12.4497
4 23.5711 12.541
86300 4
1 0.298335 0.09142
2 0.274354 0.000308275
3 22.9909 12.6509
4 23.5636 12.7426
86400 4
1 0.299742 0.0918512
2 0.275648 0.000309729
3 23.0135 12.9055
4 23.5888 12.9976
86500 4
1 0.301152 0.0922834
2 0.276945 0.000311186
3 23.0276 13.2094
4 23.6057 13.302
86600 4
1 0.302566 0.0927166
2 0.278245 0.000312647
3 23.0678 13.5637
4 23.6486 13.6567
86700 4
1 0.303983 0.0931508
2 0.279548 0.000314111
3 23.1393 13.9662
4 23.7228 14.0596
86800 4
1 0.305403 0.0935861
2 0.280854 0.000315579
3 23.1656 14.4122
4 23.7519 14.5061
86900 4
1 0.306827 0.0940223
2 0.282163 0.00031705
3 23.1662 14.9021
4 23.7552 14.9965
87000 4
1 0.308254 0.0944596
2 0.283475 0.000318525
3 23.2162 15.433
4 23.8079 15.5278
87100 4
1 0.309684 0.0948979
2 0.284791 0.000320002
3 23.2259 16
4 23.8204 16.0952
87200 4
1 0.311118 0.0953372
2 0.286109 0.000321484
3 23.2377 16.6031
4 23.835 16.6987
87300 4
1 0.312554 0.0957775
2 0.28743 0.000322969
3 23.2425 17.2386
4 23.8425 17.3347
87400 4
1 0.313995 0.0962188
2 0.288755 0.000324457
3 23.1699 17.9024
4 23.7726 17.999
87500 4
1 0.315438 0.0966611
2 0.290082 0.000325948
3 23.1588 18.5936
4 23.7643 18.6906
87600 4
1 0.316885 0.0971045
2 0.291413 0.000327443
3 23.1962 19.3085
4 23.8045 19.4059
87700 4
1 0.318335 0.0975489
2 0.292746 0.000328942
3 23.2148 20.0436
4 23.8258 20.1415
87800 4
1 0.319788 0.0979942
2 0.294083 0.000330444
3 23.1341 20.7973
4 23.748 20.8956
87900 4
1 0.321245 0.0984406
2 0.295423 0.000331949
3 23.0758 21.5663
4 23.6925 21.6651
88000 4
1 0.322705 0.0988881
2 0.296765 0.000333458
3 23.0212 22.3471
4 23.6407 22.4463
88100 4
1 0.324169 0.0993365
2 0.298111 0.00033497
3 23.0145 23.1375
4 23.6368 23.2372
88200 4
1 0.325635 0.0997859
2 0.29946 0.000336485
3 23.0728 23.9341
4 23.6978 24.0342
88300 4
1 0.327105 0.100236
2 0.300812 0.000338004
3 23.05 24.7332
4 23.6779 24.8338
88400 4
1 0.328579 0.100688
2 0.302166 0.000339527
3 22.972 25.5321
4 23.6027 25.6331
88500 4
1 0.330055 0.10114
2 0.303524 0.000341052
3 23.0195 26.3267
4 23.653 26.4282
88600 4
1 0.331535 0.101594
2 0.304885 0.000342582
3 23.0588 27.1133
4 23.6952 27.2152
88700 4
1 0.333018 0.102048
2 0.306249 0.000344114
3 23.0445 27.8881
4 23.6838 27.9905
88800 4
1 0.334505 0.102504
2 0.307616 0.00034565
3 23.0531 28.647
4 23.6952 28.7498
88900 4
1 0.335995 0.10296
2 0.308986 0.00034719
3 23.1261 29.3858
4 23.7711 29.4891
89000 4
1 0.337488 0.103418
2 0.31036 0.000348733
3 23.2301 30.1004
4 23.8779 30.2041
89100 4
1 0.338984 0.103877
2 0.311736 0.000350279
3 23.319 30.7866
4 23.9697 30.8909
89200 4
1 0.340484 0.104336
2 0.313115 0.000351829
3 23.405 31.4406
4 24.0586 31.5453
89300 4
1 0.341987 0.104797
2 0.314497 0.000353382
3 23.4401 32.0586
4 24.0966 32.1638
89400 4
1 0.343494 0.105258
2 0.315883 0.000354939
3 23.3947 32.6374
4 24.054 32.743
89500 4
1 0.345003 0.105721
2 0.317271 0.000356499
3 23.4089 33.1739
4 24.0711 33.28
89600 4
1 0.346516 0.106185
2 0.318662 0.000358062
3 23.4207 33.666
4 24.0859 33.7725
89700 4
1 0.348033 0.106649
2 0.320057 0.000359629
3 23.3221 34.112
4 23.9902 34.219
89800 4
1 0.349552 0.107115
2 0.321454 0.000361199
3 23.2442 34.5117
4 23.9152 34.6192
89900 4
1 0.351075 0.107582
2 0.322855 0.000362773
3 23.2306 34.8655
4 23.9045 34.9734
90000 4
1 0.352602 0.108049
2 0.324258 0.00036435
3 23.2166 35.1752
4 23.8935 35.2836
90100 4
1 0.354131 0.108518
2 0.325665 0.000365931
3 23.2881 35.4433
4 23.9679 35.5522
90200 4
1 0.355664 0.108988
2 0.327075 0.000367514
3 23.4576 35.6728
4 24.1404 35.7822
90300 4
1 0.3572 0.109458
2 0.328487 0.000369102
3 23.5179 35.8663
4 24.2036 35.9761
90400 4
1 0.35874 0.10993
2 0.329903 0.000370693
3 23.5538 36.0255
4 24.2425 36.1358
90500 4
1 0.360282 0.110403
2 0.331322 0.000372287
3 23.5955 36.1497
4 24.2871 36.2605
90600 4
1 0.361829 0.110877
2 0.332744 0.000373885
3 23.6224 36.2367
4 24.3169 36.3479
90700 4
1 0.363378 0.111352
2 0.334169 0.000375486
3 23.6903 36.2822
4 24.3879 36.3939
90800 4
1 0.364931 0.111827
2 0.335597 0.00037709
3 23.7932 36.2814
4 24.4938 36.3936
90900 4
1 0.366487 0.112304
2 0.337027 0.000378698
3 23.8422 36.2278
4 24.5457 36.3405
91000 4
1 0.368046 0.112782
2 0.338462 0.000380309
3 23.7125 36.1129
4 24.4191 36.2261
91100 4
1 0.369609 0.113261
2 0.339899 0.000381924
3 23.7768 35.9215
4 24.4863 36.0352
91200 4
1 0.371175 0.113741
2 0.341339 0.000383542
3 23.9105 35.6286
4 24.623 35.7427
91300 4
1 0.372744 0.114222
2 0.342782 0.000385164
3 23.8597 35.2102
4 24.5752 35.3248
91400 4
1 0.374317 0.114704
2 0.344228 0.000386789
3 23.8634 34.6429
4 24.5819 34.758
91500 4
1 0.375893 0.115187
2 0.345677 0.000388417
3 24.0155 33.8979
4 24.7371 34.0135
91600 4
1 0.377472 0.11567
2 0.34713 0.000390049
3 23.9051 32.9555
4 24.6297 33.0715
91700 4
1 0.379054 0.116155
2 0.348585 0.000391684
3 23.847 31.8068
4 24.5746 31.9234
91800 4
1 0.38064 0.116641
2 0.350043 0.000393323
3 23.8133 30.4512
4 24.544 30.5683
91900 4
1 0.382229 0.117128
2 0.351505 0.000394965
3 23.6852 28.9146
4 24.419 29.0321
92000 4
1 0.383822 0.117616
2 0.352969 0.000396611
3 23.6963 27.2608
4 24.4331 27.3788
92100 4
1 0.385418 0.118105
2 0.354437 0.00039826
3 23.6241 25.5486
4 24.364 25.6671
92200 4
1 0.387017 0.118595
2 0.355907 0.000399912
3 23.5504 23.8077
4 24.2934 23.9267
92300 4
1 0.388619 0.119086
2 0.357381 0.000401568
3 23.5687 21.9986
4 24.3147 22.1181
92400 4
1 0.390225 0.119578
2 0.358857 0.000403227
3 23.5036 19.8594
4 24.2527 19.9793
92500 4
1 0.391834 0.120071
2 0.360337 0.00040489
3 23.5251 16.9504
4 24.2773 17.0709
92600 4
1 0.393446 0.120566
2 0.36182 0.000406556
3 23.6296 13.2966
4 24.3849 13.4176
92700 4
1 0.395062 0.121061
2 0.363306 0.000408225
3 23.7147 9.50105
4 24.4731 9.62252
92800 4
1 0.396681 0.121557
2 0.364794 0.000409898
3 23.6929 6.21157
4 24.4543 6.33354
92900 4
1 0.398303 0.122054
2 0.366286 0.000411574
3 23.7539 3.67441
4 24.5185 3.79687
93000 4
1 0.399929 0.122552
2 0.367781 0.000413254
3 23.8454 1.85092
4 24.6131 1.97389
93100 4
1 0.401558 0.123051
2 0.369279 0.000414937
3 23.9217 0.686217
4 24.6925 0.809683
93200 4
1 0.40319 0.123551
2 0.37078 0.000416624
3 23.9685 0.329191
4 24.7424 0.453159
93300 4
1 0.404825 0.124053
2 0.372284 0.000418314
3 23.8828 0.601224
4 24.6599 0.725695
93400 4
1 0.406464 0.124555
2 0.373791 0.000420007
3 23.927 1.64251
4 24.7073 1.76749
93500 4
1 0.408106 0.125058
2 0.375301 0.000421704
3 24.0739 3.19123
4 24.8573 3.31671
93600 4
1 0.409752 0.125562
2 0.376815 0.000423404
3 24.0757 4.76807
4 24.8623 4.89405
93700 4
1 0.4114 0.126067
2 0.378331 0.000425108
3 24.1755 6.19
4 24.9653 6.31649
93800 4
1 0.413052 0.126574
2 0.37985 0.000426815
3 24.235 7.47766
4 25.0279 7.60466
