# Time-averaged data for fix proton_water
# TimeStep c_count_H_water c_count_O_carbonate c_avg_H_strong c_avg_H_mobile
43900 1.5 2 0.755556 1.78056
44000 6.4 2 0.734028 1.78403
44100 4 2 0.732639 1.78542
44200 2.1 2 0.702083 1.77778
44300 3 2 0.765278 1.76111
44400 3.6 2 0.728472 1.79306
44500 3.6 2 0.715972 1.82292
44600 3 2 0.714583 1.76944
44700 4.1 2 0.695833 1.77847
44800 4.8 2 0.713194 1.77986
44900 5.3 2 0.695139 1.76111
45000 6 2 0.69375 1.73403
45100 4.2 2 0.711806 1.74444
45200 1.7 2 0.711111 1.75764
45300 2.4 2 0.695833 1.82153
45400 6.2 2 0.706944 1.78542
45500 3.3 2 0.688889 1.79236
45600 5.3 2 0.710417 1.77569
45700 2.8 2 0.698611 1.81667
45800 3.4 2 0.717361 1.77361
45900 1.2 2 0.709722 1.76042
46000 4.3 2 0.711111 1.76597
46100 5.4 2 0.739583 1.70417
46200 4.9 2 0.715972 1.73056
46300 6.9 2 0.697222 1.7625
46400 4.8 2 0.734028 1.77222
46500 6 2 0.7125 1.70208
46600 5.1 2 0.697222 1.74167
46700 4.4 2 0.726389 1.74306
46800 6.9 2 0.720833 1.75833
46900 5.8 2 0.725 1.74583
47000 4.3 2 0.698611 1.77431
47100 6 2 0.713889 1.73472
47200 5.1 2 0.688889 1.71736
47300 6.5 2 0.699306 1.74306
47400 5 2 0.701389 1.72153
47500 6.1 2 0.728472 1.74583
47600 2.8 2 0.702778 1.71667
47700 7 2 0.734722 1.71528
47800 6 2 0.736111 1.78403
47900 4.5 2 0.720139 1.72778
48000 6 2 0.722222 1.73194
48100 4.6 2 0.707639 1.70556
48200 4.5 2 0.718056 1.72431
48300 5.5 2 0.725 1.69861
48400 4.6 2 0.714583 1.73403
48500 6 2 0.706944 1.78403
48600 6.5 2 0.7125 1.72361
48700 5.6 2 0.690972 1.73125
48800 4 2 0.700694 1.72153
48900 5.6 2 0.69375 1.70139
49000 6.7 2 0.691667 1.69514
49100 5.2 2 0.701389 1.70694
49200 6 2 0.73125 1.72014
49300 5 2 0.7 1.72083
49400 4.7 2 0.675 1.79236
49500 5.5 2 0.691667 1.73611
49600 5.7 2 0.681944 1.71875
49700 4.6 2 0.720139 1.68125
49800 4.9 2 0.702778 1.71042
49900 5 2 0.694444 1.68125
50000 7 2 0.709722 1.69861
50100 6.8 2 0.660417 1.75417
50200 6 2 0.683333 1.70347
50300 6.5 2 0.688889 1.71667
50400 3 2 0.671528 1.75417
50500 5.4 2 0.711806 1.69097
50600 4.8 2 0.693056 1.69722
50700 6.2 2 0.694444 1.69722
50800 6 2 0.715278 1.65764
50900 6.7 2 0.714583 1.69375
51000 5 2 0.740278 1.725
51100 5 2 0.704167 1.73542
51200 6.9 2 0.702083 1.70278
51300 5 2 0.695139 1.73819
51400 5.8 2 0.715278 1.70625
51500 4.1 2 0.679167 1.71667
51600 5 2 0.688889 1.67778
51700 6 2 0.729861 1.69097
51800 5 2 0.708333 1.73403
51900 5 2 0.695833 1.76667
52000 5.8 2 0.713194 1.75417
52100 3.3 2 0.688194 1.75
52200 4.4 2 0.696528 1.75556
52300 6 2 0.693056 1.75625
52400 7 2 0.749306 1.80139
52500 5 2 0.709722 1.76458
52600 4.5 2 0.693056 1.74514
52700 4.1 2 0.689583 1.70208
52800 4 2 0.713889 1.65347
52900 4 2 0.668056 1.67917
53000 4.3 2 0.697222 1.65
53100 5.4 2 0.697222 1.6625
53200 6 2 0.7125 1.66875
53300 6 2 0.722222 1.67847
53400 6.4 2 0.713194 1.675
53500 5.4 2 0.711111 1.72222
53600 5.5 2 0.700694 1.69583
53700 8 2 0.679861 1.70278
53800 5.7 2 0.663889 1.69861
53900 7.8 2 0.696528 1.69583
54000 7.2 2 0.696528 1.65833
54100 7.8 2 0.688889 1.62708
54200 6 1 0.692361 1.68056
54300 7 1 0.700694 1.70208
54400 5 1 0.695139 1.7
54500 8.9 1 0.679861 1.69583
54600 5 1 0.689583 1.68958
54700 7.2 1 0.705556 1.64097
54800 7.8 1 0.720833 1.65278
54900 7.3 1 0.697222 1.63125
55000 6.5 1 0.697917 1.64514
55100 5.8 1 0.679861 1.65556
55200 5.2 1 0.667361 1.63403
55300 3 1 0.669444 1.68264
55400 5 0 0.667361 1.71042
55500 5.7 0 0.677083 1.65069
55600 5.6 1 0.665972 1.63125
55700 5 1 0.666667 1.65347
55800 4.8 1 0.685417 1.62083
55900 4 1 0.667361 1.64583
56000 6 1 0.684028 1.65069
56100 4.2 1 0.670833 1.64097
56200 3 1 0.6625 1.62222
56300 2.5 1 0.690278 1.62569
56400 4.8 1 0.675694 1.64931
56500 5.9 1 0.668056 1.62917
56600 4 1 0.670139 1.60208
56700 4 0 0.6875 1.59583
56800 4 0 0.674306 1.61458
56900 4.7 0 0.663889 1.60694
57000 5 0 0.647222 1.62292
57100 3.7 0 0.682639 1.64375
57200 4 0 0.666667 1.62639
57300 5.5 0 0.682639 1.63472
57400 4 0 0.668056 1.60347
57500 4 0 0.709722 1.62778
57600 3.1 0 0.664583 1.63056
57700 4.6 0 0.677083 1.61875
57800 4.1 0 0.697222 1.64236
57900 5 0 0.676389 1.61667
58000 3 0 0.657639 1.61597
58100 4.8 0 0.673611 1.63889
58200 3.5 0 0.686111 1.61806
58300 6 0 0.644444 1.65417
58400 5.6 0 0.659028 1.60069
58500 3 0 0.648611 1.625
58600 1.3 0 0.657639 1.59861
58700 4 0 0.644444 1.62361
58800 3.2 0 0.6625 1.63542
58900 5.4 0 0.652778 1.68125
59000 3.3 0 0.659722 1.60764
59100 6.4 0 0.627778 1.62014
59200 3.6 0 0.63125 1.63264
59300 1 0 0.675694 1.64097
59400 3 0 0.66875 1.62708
59500 3.9 0 0.629861 1.64931
59600 1.9 0 0.647917 1.61111
59700 3.4 0 0.640278 1.64514
59800 2.6 0 0.636111 1.62639
59900 2.3 0 0.645833 1.62917
60000 1 0 0.63125 1.58472
60100 3.3 0 0.616667 1.62847
60200 2 0 0.647917 1.61319
60300 3.7 0 0.641667 1.61597
60400 4.4 0 0.649306 1.63194
60500 1 0 0.651389 1.61667
60600 3.4 0 0.647222 1.62014
60700 2.6 0 0.623611 1.61389
60800 2 0 0.624306 1.59653
60900 3 0 0.631944 1.59028
61000 3 0 0.630556 1.59861
61100 4 0 0.642361 1.59236
61200 1.8 0 0.625 1.59028
61300 3.3 0 0.623611 1.60903
61400 4.6 0 0.627778 1.61667
61500 3.6 0 0.638889 1.60417
61600 3.2 0 0.603472 1.6
61700 2.6 0 0.625 1.63264
61800 3.9 0 0.604167 1.59861
61900 2.1 0 0.604167 1.58125
62000 2 0 0.60625 1.59097
62100 3 0 0.59375 1.55625
62200 3 0 0.601389 1.54236
62300 3.5 0 0.625 1.54861
62400 3.1 0 0.601389 1.59097
62500 4 0 0.594444 1.58472
62600 2.4 0 0.563889 1.55833
62700 3.3 0 0.627778 1.55208
62800 2.6 0 0.624306 1.56042
62900 3.1 0 0.586111 1.53194
63000 3 0 0.613194 1.53264
63100 1.4 0 0.605556 1.55972
63200 1 0 0.579167 1.58403
63300 2 0 0.604861 1.56111
63400 1 0 0.597222 1.56944
63500 1 0 0.607639 1.56389
63600 2 0 0.611111 1.58125
63700 2 0 0.584028 1.55556
63800 1 0 0.613889 1.58611
63900 3 0 0.604167 1.61042
64000 1 0 0.599306 1.54583
64100 3 0 0.625 1.55625
64200 2.8 0 0.617361 1.55347
64300 1 0 0.604861 1.56042
64400 1 0 0.599306 1.55764
64500 1 0 0.605556 1.53194
64600 1 0 0.579167 1.54514
64700 2 0 0.621528 1.55417
64800 1.5 0 0.616667 1.57917
64900 3 0 0.583333 1.57639
65000 3.9 0 0.590278 1.54861
65100 2 0 0.593056 1.55417
65200 2 0 0.63125 1.57847
65300 1 0 0.616667 1.56597
65400 1.6 0 0.594444 1.58056
65500 1 0 0.60625 1.55694
65600 1.5 0 0.604167 1.54861
65700 2 0 0.591667 1.57986
65800 2.7 0 0.577083 1.54444
65900 1.1 0 0.590972 1.51597
66000 1 0 0.603472 1.55486
66100 2 0 0.589583 1.52639
66200 3 0 0.590278 1.53264
66300 1.4 0 0.579861 1.48472
66400 3 0 0.597917 1.51736
66500 1 0 0.577778 1.52639
66600 1 0 0.580556 1.51528
66700 1 0 0.583333 1.54861
66800 1 0 0.590278 1.54583
66900 1 0 0.595833 1.51528
67000 2 1 0.593056 1.53681
67100 1.6 1 0.570833 1.57361
67200 1 1 0.554167 1.53472
67300 1 1 0.567361 1.54375
67400 2 1 0.586111 1.54306
67500 1 1 0.576389 1.53611
67600 1 1 0.559028 1.55556
67700 1 1 0.554861 1.55764
67800 1 1 0.585417 1.54861
67900 2.1 1 0.6125 1.49931
68000 2.9 1 0.59375 1.52569
68100 1 1 0.600694 1.51667
68200 1 2 0.579861 1.52153
68300 1 2 0.576389 1.53056
68400 1 1.3 0.584028 1.53958
68500 1 1 0.579861 1.54861
68600 1 1 0.59375 1.55694
68700 1 1 0.605556 1.56181
68800 0.2 1 0.579861 1.54514
68900 0 1 0.575694 1.55556
69000 1 1 0.597917 1.54653
69100 0 1 0.548611 1.50903
69200 0 1 0.55625 1.53056
69300 1 1 0.586111 1.52569
69400 2 1 0.560417 1.51944
69500 1.9 1 0.55 1.55764
69600 2 1 0.565972 1.52431
69700 0 1 0.544444 1.52569
69800 0 1 0.529861 1.53681
69900 1 1 0.548611 1.55069
70000 0.8 1 0.552778 1.55
70100 0 1 0.576389 1.54167
70200 0 1 0.557639 1.52847
70300 0.8 1 0.527778 1.51597
70400 0 1 0.540278 1.52361
70500 0.4 1 0.535417 1.49375
70600 0.4 0 0.555556 1.51806
70700 0 0 0.556944 1.53194
70800 1.3 0 0.545139 1.54861
70900 0 0 0.565278 1.51875
71000 1 0 0.567361 1.50694
71100 1 0 0.533333 1.50417
71200 0 0 0.555556 1.50694
71300 0 0 0.557639 1.51319
71400 1 0 0.555556 1.53403
71500 1.3 0 0.563889 1.53542
71600 0.5 0 0.575694 1.50347
71700 0 0 0.5625 1.50208
71800 1 0 0.592361 1.47083
71900 0 0 0.579167 1.45347
72000 0.2 0 0.574306 1.48403
72100 0.3 0 0.56875 1.53681
72200 0.9 0 0.583333 1.50833
72300 0 0 0.550694 1.50417
72400 0 0 0.552083 1.49653
72500 0 0 0.597917 1.53333
72600 1 0 0.582639 1.52292
72700 1 0 0.575694 1.46736
72800 0 0 0.565972 1.47708
72900 1 0 0.5625 1.47292
73000 1 0 0.577778 1.49306
73100 1 0 0.572222 1.50556
73200 1 0 0.583333 1.52083
73300 2.7 0 0.571528 1.47569
73400 1.1 0 0.572917 1.46944
73500 0.6 0 0.593056 1.45903
73600 1.6 0 0.583333 1.46875
73700 1 0 0.611111 1.48125
73800 2 0 0.595139 1.52569
73900 1.2 0 0.576389 1.525
74000 1.5 0 0.569444 1.54167
74100 1 0 0.569444 1.49097
74200 1.4 0 0.592361 1.5125
74300 2 0 0.569444 1.51389
74400 1 0 0.567361 1.48542
74500 1 0 0.552778 1.48056
74600 1 0 0.579861 1.47569
74700 1 0 0.571528 1.52292
74800 1 0 0.59375 1.475
74900 2 0 0.60625 1.4625
75000 1 0 0.575 1.49306
75100 1 0 0.559722 1.47986
75200 2 0 0.557639 1.5375
75300 0 0 0.561111 1.51806
75400 0.2 0 0.576389 1.51528
75500 0 0 0.586111 1.50139
75600 0.6 0 0.554861 1.4625
75700 2 0 0.55625 1.49514
75800 3 0 0.5625 1.51736
75900 0.3 0 0.588194 1.49167
76000 1 0 0.572222 1.51944
76100 1 0 0.56875 1.52778
76200 0 0 0.566667 1.50139
76300 0 0 0.557639 1.50278
76400 0 0 0.573611 1.49167
76500 0 0 0.563194 1.46458
76600 0 0 0.576389 1.45208
76700 0.3 0 0.564583 1.45972
76800 0.5 0 0.565972 1.45972
76900 0 0 0.554861 1.45833
77000 1 0 0.55625 1.46944
77100 0.1 0 0.577778 1.475
77200 0.2 0 0.564583 1.43403
77300 0.7 0 0.574306 1.45764
77400 1 0 0.561111 1.46458
77500 2 0 0.590278 1.47222
77600 0.4 0 0.558333 1.46458
77700 0 0 0.5375 1.48125
77800 0.9 0 0.563889 1.4875
77900 1 0 0.579167 1.48403
78000 0 0 0.556944 1.47292
78100 0 0 0.564583 1.46875
78200 1 0 0.569444 1.44653
78300 1 0 0.55625 1.45139
78400 1 0 0.554861 1.44306
78500 0 0 0.549306 1.47778
78600 1 0 0.563194 1.49931
78700 1 0 0.572917 1.41111
78800 0.3 0 0.572917 1.46042
78900 1.9 0 0.551389 1.42569
79000 2 0 0.5625 1.42361
79100 2 0 0.555556 1.45139
79200 1.9 0 0.565972 1.43056
79300 1 0 0.529861 1.44306
79400 1 0 0.5375 1.43472
79500 1 0 0.555556 1.45208
79600 1 0 0.561111 1.43958
79700 1 0 0.569444 1.41181
79800 1 0 0.563889 1.42083
79900 2 0 0.552083 1.43611
80000 1.7 0 0.574306 1.45
80100 1 0 0.554167 1.45139
80200 1 0 0.570139 1.4375
80300 1 0 0.539583 1.45347
80400 1 0 0.5375 1.44722
80500 1 0 0.524306 1.45556
80600 1 0 0.557639 1.46319
80700 1.4 0 0.541667 1.43056
80800 1 0 0.540972 1.43681
80900 2 0 0.557639 1.46736
81000 1 0 0.56875 1.46528
81100 1 0 0.55 1.45069
81200 1 0 0.542361 1.46111
81300 1 0 0.547222 1.43542
81400 1 0 0.563194 1.44514
81500 1 0 0.569444 1.42917
81600 1 0 0.561806 1.43958
81700 2 0 0.569444 1.43819
81800 2 0 0.547917 1.44861
81900 2 0 0.559722 1.41042
82000 1 0 0.556944 1.42222
82100 1 0 0.561111 1.39028
82200 1 0 0.553472 1.44444
82300 1 0 0.5625 1.4375
82400 1 0 0.551389 1.42153
82500 1 0 0.545833 1.4125
82600 1 0 0.548611 1.38611
82700 1 0 0.540972 1.39722
82800 1 0 0.536111 1.40417
82900 1 0 0.540278 1.41736
83000 1 0 0.554167 1.39028
83100 1 0 0.541667 1.40556
83200 1 0 0.555556 1.44097
83300 1 0 0.552083 1.44236
83400 1 0 0.54375 1.46528
83500 1 0 0.552083 1.44861
83600 1 0 0.539583 1.40486
83700 1 0 0.548611 1.40625
83800 2 0 0.550694 1.42292
83900 1 0 0.539583 1.41736
84000 1 0 0.553472 1.40417
84100 1 0 0.548611 1.40972
84200 1 0 0.554861 1.42639
84300 1 0 0.541667 1.41528
84400 1 0 0.555556 1.41667
84500 1 0 0.554861 1.40625
84600 1 0 0.548611 1.375
84700 1 0 0.556944 1.41042
84800 1 0 0.559722 1.39792
84900 1 0 0.577778 1.39722
85000 1 0 0.558333 1.40417
85100 1 0 0.575694 1.40972
85200 1 0 0.575694 1.39653
85300 1 0 0.548611 1.41042
85400 1 0 0.573611 1.40625
85500 1 0 0.577083 1.39167
85600 1 0 0.555556 1.43056
85700 1 0 0.541667 1.40833
85800 1 0 0.534722 1.39792
85900 1 0 0.534722 1.40417
86000 1 0 0.555556 1.38194
86100 1 0 0.554167 1.40556
86200 1 0 0.555556 1.42222
86300 1 0 0.548611 1.40417
86400 1 0 0.557639 1.39097
86500 1 0 0.545139 1.36319
86600 1 0 0.549306 1.40486
86700 1 0 0.555556 1.41806
86800 1 0 0.522222 1.44167
86900 1 0 0.541667 1.44861
87000 1 0 0.541667 1.45556
87100 1 0 0.516667 1.45833
87200 1 0 0.569444 1.43472
87300 1 0 0.563194 1.41667
87400 1 0 0.536806 1.43472
87500 1 0 0.576389 1.45833
87600 1 0 0.554861 1.49444
87700 1 0 0.55 1.43264
87800 1 0 0.529167 1.43819
87900 1 0 0.550694 1.40139
88000 1 0 0.527778 1.44306
88100 1 0 0.521528 1.44444
88200 1 0 0.546528 1.46319
88300 1 0 0.534722 1.45
88400 1 0 0.547222 1.41181
88500 1 0 0.528472 1.42431
88600 1 0 0.5375 1.39653
88700 1 0 0.542361 1.44097
88800 2 0 0.555556 1.44236
88900 1 0 0.536111 1.37847
89000 1 0 0.548611 1.40069
89100 1 0 0.545139 1.41319
89200 1 0 0.54375 1.40625
89300 1 0 0.544444 1.41181
89400 1 0 0.540972 1.38889
89500 1 0 0.54375 1.38611
89600 1 0 0.545139 1.40139
89700 1 0 0.548611 1.39861
89800 1 0 0.540972 1.40694
89900 1 0 0.541667 1.3875
90000 2 0 0.542361 1.37639
90100 1 0 0.542361 1.38194
90200 1 0 0.539583 1.35417
90300 1 0 0.53125 1.3875
90400 1 0 0.530556 1.37292
90500 1 0 0.534722 1.36319
90600 1 0 0.529861 1.38819
90700 1 0 0.529167 1.37847
90800 1 0 0.541667 1.39167
90900 2 0 0.539583 1.39722
91000 1 0 0.528472 1.39792
91100 1 0 0.545833 1.40417
91200 1 0 0.543056 1.39236
91300 1 0 0.541667 1.41181
91400 1 0 0.55 1.41667
91500 2 0 0.538194 1.38819
91600 1 0 0.533333 1.39097
91700 1 0 0.532639 1.38819
91800 2 0 0.551389 1.40347
91900 1 1 0.556944 1.41042
92000 1 1 0.554861 1.36528
92100 1.3 1 0.552778 1.35972
92200 1 1 0.541667 1.36944
92300 1 1 0.53125 1.36875
92400 1 1 0.527778 1.36528
92500 1 1 0.534722 1.38333
92600 1 1 0.534722 1.36944
92700 2 1 0.561806 1.39931
92800 1 1 0.544444 1.375
92900 1 2 0.548611 1.39375
93000 1 2 0.566667 1.41944
93100 1 2 0.5625 1.40694
93200 2 2 0.5625 1.40625
93300 1 2 0.549306 1.41597
93400 1 2 0.548611 1.38125
93500 1 2 0.539583 1.36806
93600 1 1 0.559722 1.375
93700 1.1 1 0.570833 1.37639
93800 2 1 0.569444 1.38889
